|0.0000|0.0000|0.0000|0.0000|0.0000|0.0000|0.0000|0.0000|0.0000|0.0000|0.0000|0.0000|0.0000|0.0000|0.0000|0.0000|0.0000|0.0000|0.0000|0.0000|0.0000|0.0000|0.0000|0.0000|0.0000|0.0000|0.0000|0.0000|0.0000|0.0000|0.0000|0.0000|0.0000|0.0000|0.0000|0.0000|0.0000|0.0000|0.0000|0.0000|0.0000|0.0000|0.0000|0.0000|0.0000|0.0000|0.0000|0.0000|0.0000|0.0000|
|0.0000|0.0000|1.0000|0.0000|0.0000|0.0000|0.0000|0.0000|0.0000|0.0000|0.0000|0.0000|0.0000|0.0000|0.0000|0.0000|0.0000|0.0000|0.0000|0.0000|0.0000|0.0000|0.0000|0.0000|0.0000|0.0000|0.0000|0.0000|0.0000|0.0000|0.0000|0.0000|0.0000|0.0000|0.0000|0.0000|0.0000|0.0000|0.0000|0.0000|0.0000|0.0000|0.0000|0.0000|0.0000|0.0000|0.0000|0.0000|0.0000|0.0000|
|0.0000|0.0000|0.0000|1.0000|0.0000|0.0000|0.0000|0.0000|0.0000|0.0000|0.0000|0.0000|0.0000|0.0000|0.0000|0.0000|0.0000|0.0000|0.0000|0.0000|0.0000|0.0000|0.0000|0.0000|0.0000|0.0000|0.0000|0.0000|0.0000|0.0000|0.0000|0.0000|0.0000|0.0000|0.0000|0.0000|0.0000|0.0000|0.0000|0.0000|0.0000|0.0000|0.0000|0.0000|0.0000|0.0000|0.0000|0.0000|0.0000|0.0000|
|0.0000|1.0000|1.0000|1.0000|0.0000|0.0000|0.0000|0.0000|0.0000|0.0000|0.0000|0.0000|0.0000|0.0000|0.0000|0.0000|0.0000|0.0000|0.0000|0.0000|0.0000|0.0000|0.0000|0.0000|0.0000|0.0000|0.0000|0.0000|0.0000|0.0000|0.0000|0.0000|0.0000|0.0000|0.0000|0.0000|0.0000|0.0000|0.0000|0.0000|0.0000|0.0000|0.0000|0.0000|0.0000|0.0000|0.0000|0.0000|0.0000|0.0000|
|0.0000|0.0000|0.0000|0.0000|0.0000|0.0000|0.0000|0.0000|0.0000|0.0000|0.0000|0.0000|0.0000|0.0000|0.0000|0.0000|0.0000|0.0000|0.0000|0.0000|0.0000|0.0000|0.0000|0.0000|0.0000|0.0000|0.0000|0.0000|0.0000|0.0000|0.0000|0.0000|0.0000|0.0000|0.0000|0.0000|0.0000|0.0000|0.0000|0.0000|0.0000|0.0000|0.0000|0.0000|0.0000|0.0000|0.0000|0.0000|0.0000|0.0000|
|0.0000|0.0000|0.0000|0.0000|0.0000|0.0000|0.0000|0.0000|0.0000|0.0000|0.0000|0.0000|0.0000|0.0000|0.0000|0.0000|0.0000|0.0000|0.0000|0.0000|0.0000|0.0000|0.0000|0.0000|0.0000|0.0000|0.0000|0.0000|0.0000|0.0000|0.0000|0.0000|0.0000|0.0000|0.0000|0.0000|0.0000|0.0000|0.0000|0.0000|0.0000|0.0000|0.0000|0.0000|0.0000|0.0000|0.0000|0.0000|0.0000|0.0000|
|0.0000|0.0000|0.0000|0.0000|0.0000|0.0000|0.0000|0.0000|0.0000|0.0000|0.0000|0.0000|0.0000|0.0000|0.0000|0.0000|0.0000|0.0000|0.0000|0.0000|0.0000|0.0000|0.0000|0.0000|0.0000|0.0000|0.0000|0.0000|0.0000|0.0000|0.0000|0.0000|0.0000|0.0000|0.0000|0.0000|0.0000|0.0000|0.0000|0.0000|0.0000|0.0000|0.0000|0.0000|0.0000|0.0000|0.0000|0.0000|0.0000|0.0000|
|0.0000|0.0000|0.0000|0.0000|0.0000|0.0000|0.0000|0.0000|0.0000|0.0000|0.0000|0.0000|0.0000|0.0000|0.0000|0.0000|0.0000|0.0000|0.0000|0.0000|0.0000|0.0000|0.0000|0.0000|0.0000|0.0000|0.0000|0.0000|0.0000|0.0000|0.0000|0.0000|0.0000|0.0000|0.0000|0.0000|0.0000|0.0000|0.0000|0.0000|0.0000|0.0000|0.0000|0.0000|0.0000|0.0000|0.0000|0.0000|0.0000|0.0000|
|0.0000|0.0000|0.0000|0.0000|0.0000|0.0000|0.0000|0.0000|0.0000|0.0000|0.0000|0.0000|0.0000|0.0000|0.0000|0.0000|0.0000|0.0000|0.0000|0.0000|0.0000|0.0000|0.0000|0.0000|0.0000|0.0000|0.0000|0.0000|0.0000|0.0000|0.0000|0.0000|0.0000|0.0000|0.0000|0.0000|0.0000|0.0000|0.0000|0.0000|0.0000|0.0000|0.0000|0.0000|0.0000|0.0000|0.0000|0.0000|0.0000|0.0000|
|0.0000|0.0000|0.0000|0.0000|0.0000|0.0000|0.0000|0.0000|0.0000|0.0000|0.0000|0.0000|0.0000|0.0000|0.0000|0.0000|0.0000|0.0000|0.0000|0.0000|0.0000|0.0000|0.0000|0.0000|0.0000|0.0000|0.0000|0.0000|0.0000|0.0000|0.0000|0.0000|0.0000|0.0000|0.0000|0.0000|0.0000|0.0000|0.0000|0.0000|0.0000|0.0000|0.0000|0.0000|0.0000|0.0000|0.0000|0.0000|0.0000|0.0000|
|0.0000|0.0000|0.0000|0.0000|0.0000|0.0000|0.0000|0.0000|0.0000|0.0000|0.0000|0.0000|0.0000|0.0000|0.0000|0.0000|0.0000|0.0000|0.0000|0.0000|0.0000|0.0000|0.0000|0.0000|0.0000|0.0000|0.0000|0.0000|0.0000|0.0000|0.0000|1.0000|1.0000|0.0000|0.0000|0.0000|0.0000|0.0000|0.0000|0.0000|0.0000|0.0000|0.0000|0.0000|0.0000|0.0000|0.0000|0.0000|0.0000|0.0000|
|0.0000|0.0000|0.0000|0.0000|0.0000|0.0000|0.0000|0.0000|0.0000|0.0000|0.0000|0.0000|0.0000|0.0000|0.0000|0.0000|0.0000|0.0000|0.0000|0.0000|0.0000|0.0000|0.0000|0.0000|0.0000|0.0000|0.0000|0.0000|0.0000|0.0000|1.0000|1.0000|0.0000|0.0000|0.0000|0.0000|0.0000|0.0000|0.0000|0.0000|0.0000|0.0000|0.0000|0.0000|0.0000|0.0000|0.0000|0.0000|0.0000|0.0000|
|0.0000|0.0000|0.0000|0.0000|0.0000|0.0000|0.0000|0.0000|0.0000|0.0000|0.0000|0.0000|0.0000|0.0000|0.0000|0.0000|0.0000|0.0000|0.0000|0.0000|0.0000|0.0000|0.0000|0.0000|0.0000|0.0000|0.0000|0.0000|0.0000|0.0000|0.0000|1.0000|0.0000|0.0000|0.0000|0.0000|0.0000|0.0000|0.0000|0.0000|0.0000|0.0000|0.0000|0.0000|0.0000|0.0000|0.0000|0.0000|0.0000|0.0000|
|0.0000|0.0000|0.0000|0.0000|0.0000|0.0000|0.0000|0.0000|0.0000|0.0000|0.0000|0.0000|0.0000|0.0000|0.0000|0.0000|0.0000|0.0000|0.0000|0.0000|0.0000|0.0000|0.0000|0.0000|0.0000|0.0000|0.0000|0.0000|0.0000|0.0000|0.0000|0.0000|0.0000|0.0000|0.0000|0.0000|0.0000|0.0000|0.0000|0.0000|0.0000|0.0000|0.0000|0.0000|0.0000|0.0000|0.0000|0.0000|0.0000|0.0000|
|0.0000|0.0000|0.0000|0.0000|0.0000|0.0000|0.0000|0.0000|0.0000|0.0000|0.0000|0.0000|0.0000|0.0000|0.0000|0.0000|0.0000|0.0000|0.0000|0.0000|0.0000|0.0000|0.0000|0.0000|0.0000|0.0000|0.0000|0.0000|0.0000|0.0000|0.0000|0.0000|0.0000|0.0000|0.0000|0.0000|0.0000|0.0000|0.0000|0.0000|0.0000|0.0000|0.0000|0.0000|0.0000|0.0000|0.0000|0.0000|0.0000|0.0000|
|0.0000|0.0000|0.0000|0.0000|0.0000|0.0000|0.0000|0.0000|0.0000|0.0000|0.0000|0.0000|0.0000|0.0000|0.0000|0.0000|0.0000|0.0000|0.0000|0.0000|0.0000|0.0000|0.0000|0.0000|0.0000|0.0000|0.0000|0.0000|0.0000|0.0000|0.0000|0.0000|0.0000|0.0000|0.0000|0.0000|0.0000|0.0000|0.0000|0.0000|0.0000|0.0000|0.0000|0.0000|0.0000|0.0000|0.0000|0.0000|0.0000|0.0000|
|0.0000|0.0000|0.0000|0.0000|0.0000|0.0000|0.0000|0.0000|0.0000|0.0000|0.0000|0.0000|0.0000|0.0000|0.0000|0.0000|0.0000|0.0000|0.0000|0.0000|0.0000|0.0000|0.0000|0.0000|0.0000|0.0000|0.0000|0.0000|0.0000|0.0000|0.0000|0.0000|0.0000|0.0000|0.0000|0.0000|0.0000|0.0000|0.0000|0.0000|0.0000|0.0000|0.0000|0.0000|0.0000|0.0000|0.0000|0.0000|0.0000|0.0000|
|0.0000|0.0000|0.0000|0.0000|0.0000|0.0000|0.0000|0.0000|0.0000|0.0000|0.0000|0.0000|0.0000|0.0000|0.0000|0.0000|0.0000|0.0000|0.0000|0.0000|0.0000|0.0000|0.0000|0.0000|0.0000|0.0000|0.0000|0.0000|0.0000|0.0000|0.0000|0.0000|0.0000|0.0000|0.0000|0.0000|0.0000|0.0000|0.0000|0.0000|0.0000|0.0000|0.0000|0.0000|0.0000|0.0000|0.0000|0.0000|0.0000|0.0000|
|0.0000|0.0000|0.0000|0.0000|0.0000|0.0000|0.0000|0.0000|0.0000|0.0000|0.0000|0.0000|0.0000|0.0000|0.0000|0.0000|0.0000|0.0000|0.0000|0.0000|0.0000|0.0000|0.0000|0.0000|0.0000|0.0000|0.0000|0.0000|0.0000|0.0000|0.0000|0.0000|0.0000|0.0000|0.0000|0.0000|0.0000|0.0000|0.0000|0.0000|0.0000|0.0000|0.0000|0.0000|0.0000|0.0000|0.0000|0.0000|0.0000|0.0000|
|0.0000|0.0000|0.0000|0.0000|0.0000|0.0000|0.0000|0.0000|0.0000|0.0000|0.0000|0.0000|0.0000|0.0000|0.0000|0.0000|0.0000|0.0000|0.0000|0.0000|0.0000|0.0000|0.0000|0.0000|0.0000|0.0000|0.0000|0.0000|0.0000|0.0000|0.0000|0.0000|0.0000|0.0000|0.0000|0.0000|0.0000|0.0000|0.0000|0.0000|0.0000|0.0000|0.0000|0.0000|0.0000|0.0000|0.0000|0.0000|0.0000|0.0000|
|0.0000|0.0000|0.0000|0.0000|0.0000|0.0000|0.0000|0.0000|0.0000|0.0000|0.0000|0.0000|0.0000|0.0000|0.0000|0.0000|0.0000|0.0000|0.0000|0.0000|0.0000|0.0000|0.0000|0.0000|0.0000|0.0000|0.0000|0.0000|0.0000|0.0000|0.0000|0.0000|0.0000|0.0000|0.0000|0.0000|0.0000|0.0000|0.0000|0.0000|0.0000|0.0000|0.0000|0.0000|0.0000|0.0000|0.0000|0.0000|0.0000|0.0000|
|0.0000|0.0000|0.0000|0.0000|0.0000|0.0000|0.0000|0.0000|0.0000|0.0000|0.0000|0.0000|0.0000|0.0000|0.0000|0.0000|0.0000|0.0000|0.0000|0.0000|0.0000|0.0000|0.0000|0.0000|0.0000|0.0000|0.0000|0.0000|0.0000|0.0000|0.0000|0.0000|0.0000|0.0000|0.0000|0.0000|0.0000|0.0000|0.0000|0.0000|0.0000|0.0000|0.0000|0.0000|0.0000|0.0000|0.0000|0.0000|0.0000|0.0000|
|0.0000|0.0000|0.0000|0.0000|0.0000|0.0000|0.0000|0.0000|0.0000|0.0000|0.0000|0.0000|0.0000|0.0000|0.0000|0.0000|0.0000|0.0000|0.0000|0.0000|0.0000|0.0000|0.0000|0.0000|0.0000|0.0000|0.0000|0.0000|0.0000|0.0000|0.0000|0.0000|0.0000|0.0000|0.0000|0.0000|0.0000|0.0000|0.0000|0.0000|0.0000|0.0000|0.0000|0.0000|0.0000|0.0000|0.0000|0.0000|0.0000|0.0000|
|0.0000|0.0000|0.0000|0.0000|0.0000|0.0000|0.0000|0.0000|0.0000|0.0000|0.0000|0.0000|0.0000|0.0000|0.0000|0.0000|0.0000|0.0000|0.0000|0.0000|0.0000|0.0000|0.0000|0.0000|0.0000|0.0000|0.0000|0.0000|0.0000|0.0000|0.0000|0.0000|0.0000|0.0000|0.0000|0.0000|0.0000|0.0000|0.0000|0.0000|0.0000|0.0000|0.0000|0.0000|0.0000|0.0000|0.0000|0.0000|0.0000|0.0000|
|0.0000|0.0000|0.0000|0.0000|0.0000|0.0000|0.0000|0.0000|0.0000|0.0000|0.0000|0.0000|0.0000|0.0000|0.0000|0.0000|0.0000|0.0000|0.0000|0.0000|0.0000|0.0000|0.0000|0.0000|0.0000|0.0000|0.0000|0.0000|0.0000|0.0000|0.0000|0.0000|0.0000|0.0000|0.0000|0.0000|0.0000|0.0000|0.0000|0.0000|0.0000|0.0000|0.0000|0.0000|0.0000|0.0000|0.0000|0.0000|0.0000|0.0000|
|0.0000|0.0000|0.0000|0.0000|0.0000|0.0000|0.0000|0.0000|0.0000|0.0000|0.0000|0.0000|0.0000|0.0000|0.0000|0.0000|0.0000|0.0000|0.0000|0.0000|0.0000|0.0000|0.0000|0.0000|0.0000|0.0000|0.0000|0.0000|0.0000|0.0000|0.0000|0.0000|0.0000|0.0000|0.0000|0.0000|0.0000|0.0000|0.0000|0.0000|0.0000|0.0000|0.0000|0.0000|0.0000|0.0000|0.0000|0.0000|0.0000|0.0000|
|0.0000|0.0000|0.0000|0.0000|0.0000|0.0000|0.0000|0.0000|0.0000|0.0000|0.0000|0.0000|0.0000|0.0000|0.0000|0.0000|0.0000|0.0000|0.0000|0.0000|0.0000|0.0000|0.0000|0.0000|0.0000|0.0000|0.0000|0.0000|0.0000|0.0000|0.0000|0.0000|0.0000|0.0000|0.0000|0.0000|0.0000|0.0000|0.0000|0.0000|0.0000|0.0000|0.0000|0.0000|0.0000|0.0000|0.0000|0.0000|0.0000|0.0000|
|0.0000|0.0000|0.0000|0.0000|0.0000|0.0000|0.0000|0.0000|0.0000|0.0000|0.0000|0.0000|0.0000|0.0000|0.0000|0.0000|0.0000|0.0000|0.0000|0.0000|0.0000|0.0000|0.0000|0.0000|0.0000|0.0000|0.0000|0.0000|0.0000|0.0000|0.0000|0.0000|0.0000|0.0000|0.0000|0.0000|0.0000|0.0000|0.0000|0.0000|0.0000|0.0000|0.0000|0.0000|0.0000|0.0000|0.0000|0.0000|0.0000|0.0000|
|0.0000|0.0000|0.0000|0.0000|0.0000|0.0000|0.0000|0.0000|0.0000|0.0000|0.0000|0.0000|0.0000|0.0000|0.0000|0.0000|0.0000|0.0000|0.0000|0.0000|0.0000|0.0000|0.0000|0.0000|0.0000|0.0000|0.0000|0.0000|0.0000|0.0000|0.0000|0.0000|0.0000|0.0000|0.0000|0.0000|0.0000|0.0000|0.0000|0.0000|0.0000|0.0000|0.0000|0.0000|0.0000|0.0000|0.0000|0.0000|0.0000|0.0000|
|0.0000|0.0000|0.0000|0.0000|0.0000|0.0000|0.0000|0.0000|0.0000|0.0000|0.0000|0.0000|0.0000|0.0000|0.0000|0.0000|0.0000|0.0000|0.0000|0.0000|0.0000|0.0000|0.0000|0.0000|0.0000|0.0000|0.0000|0.0000|0.0000|0.0000|0.0000|0.0000|0.0000|0.0000|0.0000|0.0000|0.0000|0.0000|0.0000|0.0000|0.0000|0.0000|0.0000|0.0000|0.0000|0.0000|0.0000|0.0000|0.0000|0.0000|
|0.0000|0.0000|0.0000|0.0000|0.0000|0.0000|0.0000|0.0000|0.0000|0.0000|0.0000|0.0000|0.0000|0.0000|0.0000|0.0000|0.0000|0.0000|0.0000|0.0000|0.0000|0.0000|0.0000|0.0000|0.0000|0.0000|0.0000|0.0000|0.0000|0.0000|0.0000|0.0000|0.0000|0.0000|0.0000|0.0000|0.0000|0.0000|0.0000|0.0000|0.0000|0.0000|0.0000|0.0000|0.0000|0.0000|0.0000|0.0000|0.0000|0.0000|
|0.0000|0.0000|0.0000|0.0000|0.0000|0.0000|0.0000|0.0000|0.0000|0.0000|0.0000|0.0000|0.0000|0.0000|0.0000|0.0000|0.0000|0.0000|0.0000|0.0000|0.0000|0.0000|0.0000|0.0000|0.0000|0.0000|0.0000|0.0000|0.0000|0.0000|0.0000|0.0000|0.0000|0.0000|0.0000|0.0000|0.0000|0.0000|0.0000|0.0000|0.0000|0.0000|0.0000|0.0000|0.0000|0.0000|0.0000|0.0000|0.0000|0.0000|
|0.0000|0.0000|0.0000|0.0000|0.0000|0.0000|0.0000|0.0000|0.0000|0.0000|0.0000|0.0000|0.0000|0.0000|0.0000|0.0000|0.0000|0.0000|0.0000|0.0000|0.0000|0.0000|0.0000|0.0000|0.0000|0.0000|0.0000|0.0000|0.0000|0.0000|0.0000|0.0000|0.0000|0.0000|0.0000|0.0000|0.0000|0.0000|0.0000|0.0000|0.0000|0.0000|0.0000|0.0000|0.0000|0.0000|0.0000|0.0000|0.0000|0.0000|
|0.0000|0.0000|0.0000|0.0000|0.0000|0.0000|0.0000|0.0000|0.0000|0.0000|0.0000|0.0000|0.0000|0.0000|0.0000|0.0000|0.0000|0.0000|0.0000|0.0000|0.0000|0.0000|0.0000|0.0000|0.0000|0.0000|0.0000|0.0000|0.0000|0.0000|0.0000|0.0000|0.0000|0.0000|0.0000|0.0000|0.0000|0.0000|0.0000|0.0000|0.0000|0.0000|0.0000|0.0000|0.0000|0.0000|0.0000|0.0000|0.0000|0.0000|
|0.0000|0.0000|0.0000|0.0000|0.0000|0.0000|0.0000|0.0000|0.0000|0.0000|0.0000|0.0000|0.0000|0.0000|0.0000|0.0000|0.0000|0.0000|0.0000|0.0000|0.0000|0.0000|0.0000|0.0000|0.0000|0.0000|0.0000|0.0000|0.0000|0.0000|0.0000|0.0000|0.0000|0.0000|0.0000|0.0000|0.0000|0.0000|0.0000|0.0000|0.0000|0.0000|0.0000|0.0000|0.0000|0.0000|0.0000|0.0000|0.0000|0.0000|
|0.0000|0.0000|0.0000|0.0000|0.0000|0.0000|0.0000|0.0000|0.0000|0.0000|0.0000|0.0000|0.0000|0.0000|0.0000|0.0000|0.0000|0.0000|0.0000|0.0000|0.0000|0.0000|0.0000|0.0000|0.0000|0.0000|0.0000|0.0000|0.0000|0.0000|0.0000|0.0000|0.0000|0.0000|0.0000|0.0000|0.0000|0.0000|0.0000|0.0000|0.0000|0.0000|0.0000|0.0000|0.0000|0.0000|0.0000|0.0000|0.0000|0.0000|
|0.0000|0.0000|0.0000|0.0000|0.0000|0.0000|0.0000|0.0000|0.0000|0.0000|0.0000|0.0000|0.0000|0.0000|0.0000|0.0000|0.0000|0.0000|0.0000|0.0000|0.0000|0.0000|0.0000|0.0000|0.0000|0.0000|0.0000|0.0000|0.0000|0.0000|0.0000|0.0000|0.0000|0.0000|0.0000|0.0000|0.0000|0.0000|0.0000|0.0000|0.0000|0.0000|0.0000|0.0000|0.0000|0.0000|0.0000|0.0000|0.0000|0.0000|
|0.0000|0.0000|0.0000|0.0000|0.0000|0.0000|0.0000|0.0000|0.0000|0.0000|0.0000|0.0000|0.0000|0.0000|0.0000|0.0000|0.0000|0.0000|0.0000|0.0000|0.0000|0.0000|0.0000|0.0000|0.0000|0.0000|0.0000|0.0000|0.0000|0.0000|0.0000|0.0000|0.0000|0.0000|0.0000|0.0000|0.0000|0.0000|0.0000|0.0000|0.0000|0.0000|0.0000|0.0000|0.0000|0.0000|0.0000|0.0000|0.0000|0.0000|
|0.0000|0.0000|0.0000|0.0000|0.0000|0.0000|0.0000|0.0000|0.0000|0.0000|0.0000|0.0000|0.0000|0.0000|0.0000|0.0000|0.0000|0.0000|0.0000|0.0000|0.0000|0.0000|0.0000|0.0000|0.0000|0.0000|0.0000|0.0000|0.0000|0.0000|0.0000|0.0000|0.0000|0.0000|0.0000|0.0000|0.0000|0.0000|0.0000|0.0000|0.0000|0.0000|0.0000|0.0000|0.0000|0.0000|0.0000|0.0000|0.0000|0.0000|
|0.0000|0.0000|0.0000|0.0000|0.0000|0.0000|0.0000|0.0000|0.0000|0.0000|0.0000|0.0000|0.0000|0.0000|0.0000|0.0000|0.0000|0.0000|0.0000|0.0000|0.0000|0.0000|0.0000|0.0000|0.0000|0.0000|0.0000|0.0000|0.0000|0.0000|0.0000|0.0000|0.0000|0.0000|0.0000|0.0000|0.0000|0.0000|0.0000|0.0000|0.0000|0.0000|0.0000|0.0000|0.0000|0.0000|0.0000|0.0000|0.0000|0.0000|
|0.0000|0.0000|0.0000|0.0000|0.0000|0.0000|0.0000|0.0000|0.0000|0.0000|0.0000|0.0000|0.0000|0.0000|0.0000|0.0000|0.0000|0.0000|0.0000|0.0000|0.0000|0.0000|0.0000|0.0000|0.0000|0.0000|0.0000|0.0000|0.0000|0.0000|0.0000|0.0000|0.0000|0.0000|0.0000|0.0000|0.0000|0.0000|0.0000|0.0000|0.0000|0.0000|0.0000|0.0000|0.0000|0.0000|0.0000|0.0000|0.0000|0.0000|
|0.0000|0.0000|0.0000|0.0000|0.0000|0.0000|0.0000|0.0000|0.0000|0.0000|0.0000|0.0000|0.0000|0.0000|0.0000|0.0000|0.0000|0.0000|0.0000|0.0000|0.0000|0.0000|0.0000|0.0000|0.0000|0.0000|0.0000|0.0000|0.0000|0.0000|0.0000|0.0000|0.0000|0.0000|0.0000|0.0000|0.0000|0.0000|0.0000|0.0000|0.0000|0.0000|0.0000|0.0000|0.0000|0.0000|0.0000|0.0000|0.0000|0.0000|
|0.0000|0.0000|0.0000|0.0000|0.0000|0.0000|0.0000|0.0000|0.0000|0.0000|0.0000|0.0000|0.0000|0.0000|0.0000|0.0000|0.0000|0.0000|0.0000|0.0000|0.0000|0.0000|0.0000|0.0000|0.0000|0.0000|0.0000|0.0000|0.0000|0.0000|0.0000|0.0000|0.0000|0.0000|0.0000|0.0000|0.0000|0.0000|0.0000|0.0000|0.0000|0.0000|0.0000|0.0000|0.0000|0.0000|0.0000|0.0000|0.0000|0.0000|
|0.0000|0.0000|0.0000|0.0000|0.0000|0.0000|0.0000|0.0000|0.0000|0.0000|0.0000|0.0000|0.0000|0.0000|0.0000|0.0000|0.0000|0.0000|0.0000|0.0000|0.0000|0.0000|0.0000|0.0000|0.0000|0.0000|0.0000|0.0000|0.0000|0.0000|0.0000|0.0000|0.0000|0.0000|0.0000|0.0000|0.0000|0.0000|0.0000|0.0000|0.0000|0.0000|0.0000|0.0000|0.0000|0.0000|0.0000|0.0000|0.0000|0.0000|
|0.0000|0.0000|0.0000|0.0000|0.0000|0.0000|0.0000|0.0000|0.0000|0.0000|0.0000|0.0000|0.0000|0.0000|0.0000|0.0000|0.0000|0.0000|0.0000|0.0000|0.0000|0.0000|0.0000|0.0000|0.0000|0.0000|0.0000|0.0000|0.0000|0.0000|0.0000|0.0000|0.0000|0.0000|0.0000|0.0000|0.0000|0.0000|0.0000|0.0000|0.0000|0.0000|0.0000|0.0000|0.0000|0.0000|0.0000|0.0000|0.0000|0.0000|
|0.0000|0.0000|0.0000|0.0000|0.0000|0.0000|0.0000|0.0000|0.0000|0.0000|0.0000|0.0000|0.0000|0.0000|0.0000|0.0000|0.0000|0.0000|0.0000|0.0000|0.0000|0.0000|0.0000|0.0000|0.0000|0.0000|0.0000|0.0000|0.0000|0.0000|0.0000|0.0000|0.0000|0.0000|0.0000|0.0000|0.0000|0.0000|0.0000|0.0000|0.0000|0.0000|0.0000|0.0000|0.0000|0.0000|0.0000|0.0000|0.0000|0.0000|
|0.0000|0.0000|0.0000|0.0000|0.0000|0.0000|0.0000|0.0000|0.0000|0.0000|0.0000|0.0000|0.0000|0.0000|0.0000|0.0000|0.0000|0.0000|0.0000|0.0000|0.0000|0.0000|0.0000|0.0000|0.0000|0.0000|0.0000|0.0000|0.0000|0.0000|0.0000|0.0000|0.0000|0.0000|0.0000|0.0000|0.0000|0.0000|0.0000|0.0000|0.0000|0.0000|0.0000|0.0000|0.0000|0.0000|0.0000|0.0000|0.0000|0.0000|
|0.0000|0.0000|0.0000|0.0000|0.0000|0.0000|0.0000|0.0000|0.0000|0.0000|0.0000|0.0000|0.0000|0.0000|0.0000|0.0000|0.0000|0.0000|0.0000|0.0000|0.0000|0.0000|0.0000|0.0000|0.0000|0.0000|0.0000|0.0000|0.0000|0.0000|0.0000|0.0000|0.0000|0.0000|0.0000|0.0000|0.0000|0.0000|0.0000|0.0000|0.0000|0.0000|0.0000|0.0000|0.0000|0.0000|0.0000|0.0000|0.0000|0.0000|
|0.0000|0.0000|0.0000|0.0000|0.0000|0.0000|0.0000|0.0000|0.0000|0.0000|0.0000|0.0000|0.0000|0.0000|0.0000|0.0000|0.0000|0.0000|0.0000|0.0000|0.0000|0.0000|0.0000|0.0000|0.0000|0.0000|0.0000|0.0000|0.0000|0.0000|0.0000|0.0000|0.0000|0.0000|0.0000|0.0000|0.0000|0.0000|0.0000|0.0000|0.0000|0.0000|0.0000|0.0000|0.0000|0.0000|0.0000|0.0000|0.0000|0.0000|
|0.0000|0.0000|0.0000|0.0000|0.0000|0.0000|0.0000|0.0000|0.0000|0.0000|0.0000|0.0000|0.0000|0.0000|0.0000|0.0000|0.0000|0.0000|0.0000|0.0000|0.0000|0.0000|0.0000|0.0000|0.0000|0.0000|0.0000|0.0000|0.0000|0.0000|0.0000|0.0000|0.0000|0.0000|0.0000|0.0000|0.0000|0.0000|0.0000|0.0000|0.0000|0.0000|0.0000|0.0000|0.0000|0.0000|0.0000|0.0000|0.0000|0.0000|

|0.0000|0.0000|0.0000|0.0000|0.0000|0.0000|0.0000|0.0000|0.0000|0.0000|0.0000|0.0000|0.0000|0.0000|0.0000|0.0000|0.0000|0.0000|0.0000|0.0000|0.0000|0.0000|0.0000|0.0000|0.0000|0.0000|0.0000|0.0000|0.0000|0.0000|0.0000|0.0000|0.0000|0.0000|0.0000|0.0000|0.0000|0.0000|0.0000|0.0000|0.0000|0.0000|0.0000|0.0000|0.0000|0.0000|0.0000|0.0000|0.0000|0.0000|
|0.0000|0.0000|0.0000|0.0000|0.0000|0.0000|0.0000|0.0000|0.0000|0.0000|0.0000|0.0000|0.0000|0.0000|0.0000|0.0000|0.0000|0.0000|0.0000|0.0000|0.0000|0.0000|0.0000|0.0000|0.0000|0.0000|0.0000|0.0000|0.0000|0.0000|0.0000|0.0000|0.0000|0.0000|0.0000|0.0000|0.0000|0.0000|0.0000|0.0000|0.0000|0.0000|0.0000|0.0000|0.0000|0.0000|0.0000|0.0000|0.0000|0.0000|
|0.0000|0.3750|0.0000|0.3750|0.0000|0.0000|0.0000|0.0000|0.0000|0.0000|0.0000|0.0000|0.0000|0.0000|0.0000|0.0000|0.0000|0.0000|0.0000|0.0000|0.0000|0.0000|0.0000|0.0000|0.0000|0.0000|0.0000|0.0000|0.0000|0.0000|0.0000|0.0000|0.0000|0.0000|0.0000|0.0000|0.0000|0.0000|0.0000|0.0000|0.0000|0.0000|0.0000|0.0000|0.0000|0.0000|0.0000|0.0000|0.0000|0.0000|
|0.0000|0.0000|0.3750|1.0000|0.0000|0.0000|0.0000|0.0000|0.0000|0.0000|0.0000|0.0000|0.0000|0.0000|0.0000|0.0000|0.0000|0.0000|0.0000|0.0000|0.0000|0.0000|0.0000|0.0000|0.0000|0.0000|0.0000|0.0000|0.0000|0.0000|0.0000|0.0000|0.0000|0.0000|0.0000|0.0000|0.0000|0.0000|0.0000|0.0000|0.0000|0.0000|0.0000|0.0000|0.0000|0.0000|0.0000|0.0000|0.0000|0.0000|
|0.0000|0.0000|0.3750|0.0000|0.0000|0.0000|0.0000|0.0000|0.0000|0.0000|0.0000|0.0000|0.0000|0.0000|0.0000|0.0000|0.0000|0.0000|0.0000|0.0000|0.0000|0.0000|0.0000|0.0000|0.0000|0.0000|0.0000|0.0000|0.0000|0.0000|0.0000|0.0000|0.0000|0.0000|0.0000|0.0000|0.0000|0.0000|0.0000|0.0000|0.0000|0.0000|0.0000|0.0000|0.0000|0.0000|0.0000|0.0000|0.0000|0.0000|
|0.0000|0.0000|0.0000|0.0000|0.0000|0.0000|0.0000|0.0000|0.0000|0.0000|0.0000|0.0000|0.0000|0.0000|0.0000|0.0000|0.0000|0.0000|0.0000|0.0000|0.0000|0.0000|0.0000|0.0000|0.0000|0.0000|0.0000|0.0000|0.0000|0.0000|0.0000|0.0000|0.0000|0.0000|0.0000|0.0000|0.0000|0.0000|0.0000|0.0000|0.0000|0.0000|0.0000|0.0000|0.0000|0.0000|0.0000|0.0000|0.0000|0.0000|
|0.0000|0.0000|0.0000|0.0000|0.0000|0.0000|0.0000|0.0000|0.0000|0.0000|0.0000|0.0000|0.0000|0.0000|0.0000|0.0000|0.0000|0.0000|0.0000|0.0000|0.0000|0.0000|0.0000|0.0000|0.0000|0.0000|0.0000|0.0000|0.0000|0.0000|0.0000|0.0000|0.0000|0.0000|0.0000|0.0000|0.0000|0.0000|0.0000|0.0000|0.0000|0.0000|0.0000|0.0000|0.0000|0.0000|0.0000|0.0000|0.0000|0.0000|
|0.0000|0.0000|0.0000|0.0000|0.0000|0.0000|0.0000|0.0000|0.0000|0.0000|0.0000|0.0000|0.0000|0.0000|0.0000|0.0000|0.0000|0.0000|0.0000|0.0000|0.0000|0.0000|0.0000|0.0000|0.0000|0.0000|0.0000|0.0000|0.0000|0.0000|0.0000|0.0000|0.0000|0.0000|0.0000|0.0000|0.0000|0.0000|0.0000|0.0000|0.0000|0.0000|0.0000|0.0000|0.0000|0.0000|0.0000|0.0000|0.0000|0.0000|
|0.0000|0.0000|0.0000|0.0000|0.0000|0.0000|0.0000|0.0000|0.0000|0.0000|0.0000|0.0000|0.0000|0.0000|0.0000|0.0000|0.0000|0.0000|0.0000|0.0000|0.0000|0.0000|0.0000|0.0000|0.0000|0.0000|0.0000|0.0000|0.0000|0.0000|0.0000|0.0000|0.0000|0.0000|0.0000|0.0000|0.0000|0.0000|0.0000|0.0000|0.0000|0.0000|0.0000|0.0000|0.0000|0.0000|0.0000|0.0000|0.0000|0.0000|
|0.0000|0.0000|0.0000|0.0000|0.0000|0.0000|0.0000|0.0000|0.0000|0.0000|0.0000|0.0000|0.0000|0.0000|0.0000|0.0000|0.0000|0.0000|0.0000|0.0000|0.0000|0.0000|0.0000|0.0000|0.0000|0.0000|0.0000|0.0000|0.0000|0.0000|0.0000|0.0000|0.0000|0.0000|0.0000|0.0000|0.0000|0.0000|0.0000|0.0000|0.0000|0.0000|0.0000|0.0000|0.0000|0.0000|0.0000|0.0000|0.0000|0.0000|
|0.0000|0.0000|0.0000|0.0000|0.0000|0.0000|0.0000|0.0000|0.0000|0.0000|0.0000|0.0000|0.0000|0.0000|0.0000|0.0000|0.0000|0.0000|0.0000|0.0000|0.0000|0.0000|0.0000|0.0000|0.0000|0.0000|0.0000|0.0000|0.0000|0.0000|0.3750|0.3750|1.0000|0.0000|0.0000|0.0000|0.0000|0.0000|0.0000|0.0000|0.0000|0.0000|0.0000|0.0000|0.0000|0.0000|0.0000|0.0000|0.0000|0.0000|
|0.0000|0.0000|0.0000|0.0000|0.0000|0.0000|0.0000|0.0000|0.0000|0.0000|0.0000|0.0000|0.0000|0.0000|0.0000|0.0000|0.0000|0.0000|0.0000|0.0000|0.0000|0.0000|0.0000|0.0000|0.0000|0.0000|0.0000|0.0000|0.0000|0.0000|0.3750|0.0000|0.0000|0.0000|0.0000|0.0000|0.0000|0.0000|0.0000|0.0000|0.0000|0.0000|0.0000|0.0000|0.0000|0.0000|0.0000|0.0000|0.0000|0.0000|
|0.0000|0.0000|0.0000|0.0000|0.0000|0.0000|0.0000|0.0000|0.0000|0.0000|0.0000|0.0000|0.0000|0.0000|0.0000|0.0000|0.0000|0.0000|0.0000|0.0000|0.0000|0.0000|0.0000|0.0000|0.0000|0.0000|0.0000|0.0000|0.0000|0.0000|0.3750|1.0000|0.0000|0.0000|0.0000|0.0000|0.0000|0.0000|0.0000|0.0000|0.0000|0.0000|0.0000|0.0000|0.0000|0.0000|0.0000|0.0000|0.0000|0.0000|
|0.0000|0.0000|0.0000|0.0000|0.0000|0.0000|0.0000|0.0000|0.0000|0.0000|0.0000|0.0000|0.0000|0.0000|0.0000|0.0000|0.0000|0.0000|0.0000|0.0000|0.0000|0.0000|0.0000|0.0000|0.0000|0.0000|0.0000|0.0000|0.0000|0.0000|0.0000|0.0000|0.0000|0.0000|0.0000|0.0000|0.0000|0.0000|0.0000|0.0000|0.0000|0.0000|0.0000|0.0000|0.0000|0.0000|0.0000|0.0000|0.0000|0.0000|
|0.0000|0.0000|0.0000|0.0000|0.0000|0.0000|0.0000|0.0000|0.0000|0.0000|0.0000|0.0000|0.0000|0.0000|0.0000|0.0000|0.0000|0.0000|0.0000|0.0000|0.0000|0.0000|0.0000|0.0000|0.0000|0.0000|0.0000|0.0000|0.0000|0.0000|0.0000|0.0000|0.0000|0.0000|0.0000|0.0000|0.0000|0.0000|0.0000|0.0000|0.0000|0.0000|0.0000|0.0000|0.0000|0.0000|0.0000|0.0000|0.0000|0.0000|
|0.0000|0.0000|0.0000|0.0000|0.0000|0.0000|0.0000|0.0000|0.0000|0.0000|0.0000|0.0000|0.0000|0.0000|0.0000|0.0000|0.0000|0.0000|0.0000|0.0000|0.0000|0.0000|0.0000|0.0000|0.0000|0.0000|0.0000|0.0000|0.0000|0.0000|0.0000|0.0000|0.0000|0.0000|0.0000|0.0000|0.0000|0.0000|0.0000|0.0000|0.0000|0.0000|0.0000|0.0000|0.0000|0.0000|0.0000|0.0000|0.0000|0.0000|
|0.0000|0.0000|0.0000|0.0000|0.0000|0.0000|0.0000|0.0000|0.0000|0.0000|0.0000|0.0000|0.0000|0.0000|0.0000|0.0000|0.0000|0.0000|0.0000|0.0000|0.0000|0.0000|0.0000|0.0000|0.0000|0.0000|0.0000|0.0000|0.0000|0.0000|0.0000|0.0000|0.0000|0.0000|0.0000|0.0000|0.0000|0.0000|0.0000|0.0000|0.0000|0.0000|0.0000|0.0000|0.0000|0.0000|0.0000|0.0000|0.0000|0.0000|
|0.0000|0.0000|0.0000|0.0000|0.0000|0.0000|0.0000|0.0000|0.0000|0.0000|0.0000|0.0000|0.0000|0.0000|0.0000|0.0000|0.0000|0.0000|0.0000|0.0000|0.0000|0.0000|0.0000|0.0000|0.0000|0.0000|0.0000|0.0000|0.0000|0.0000|0.0000|0.0000|0.0000|0.0000|0.0000|0.0000|0.0000|0.0000|0.0000|0.0000|0.0000|0.0000|0.0000|0.0000|0.0000|0.0000|0.0000|0.0000|0.0000|0.0000|
|0.0000|0.0000|0.0000|0.0000|0.0000|0.0000|0.0000|0.0000|0.0000|0.0000|0.0000|0.0000|0.0000|0.0000|0.0000|0.0000|0.0000|0.0000|0.0000|0.0000|0.0000|0.0000|0.0000|0.0000|0.0000|0.0000|0.0000|0.0000|0.0000|0.0000|0.0000|0.0000|0.0000|0.0000|0.0000|0.0000|0.0000|0.0000|0.0000|0.0000|0.0000|0.0000|0.0000|0.0000|0.0000|0.0000|0.0000|0.0000|0.0000|0.0000|
|0.0000|0.0000|0.0000|0.0000|0.0000|0.0000|0.0000|0.0000|0.0000|0.0000|0.0000|0.0000|0.0000|0.0000|0.0000|0.0000|0.0000|0.0000|0.0000|0.0000|0.0000|0.0000|0.0000|0.0000|0.0000|0.0000|0.0000|0.0000|0.0000|0.0000|0.0000|0.0000|0.0000|0.0000|0.0000|0.0000|0.0000|0.0000|0.0000|0.0000|0.0000|0.0000|0.0000|0.0000|0.0000|0.0000|0.0000|0.0000|0.0000|0.0000|
|0.0000|0.0000|0.0000|0.0000|0.0000|0.0000|0.0000|0.0000|0.0000|0.0000|0.0000|0.0000|0.0000|0.0000|0.0000|0.0000|0.0000|0.0000|0.0000|0.0000|0.0000|0.0000|0.0000|0.0000|0.0000|0.0000|0.0000|0.0000|0.0000|0.0000|0.0000|0.0000|0.0000|0.0000|0.0000|0.0000|0.0000|0.0000|0.0000|0.0000|0.0000|0.0000|0.0000|0.0000|0.0000|0.0000|0.0000|0.0000|0.0000|0.0000|
|0.0000|0.0000|0.0000|0.0000|0.0000|0.0000|0.0000|0.0000|0.0000|0.0000|0.0000|0.0000|0.0000|0.0000|0.0000|0.0000|0.0000|0.0000|0.0000|0.0000|0.0000|0.0000|0.0000|0.0000|0.0000|0.0000|0.0000|0.0000|0.0000|0.0000|0.0000|0.0000|0.0000|0.0000|0.0000|0.0000|0.0000|0.0000|0.0000|0.0000|0.0000|0.0000|0.0000|0.0000|0.0000|0.0000|0.0000|0.0000|0.0000|0.0000|
|0.0000|0.0000|0.0000|0.0000|0.0000|0.0000|0.0000|0.0000|0.0000|0.0000|0.0000|0.0000|0.0000|0.0000|0.0000|0.0000|0.0000|0.0000|0.0000|0.0000|0.0000|0.0000|0.0000|0.0000|0.0000|0.0000|0.0000|0.0000|0.0000|0.0000|0.0000|0.0000|0.0000|0.0000|0.0000|0.0000|0.0000|0.0000|0.0000|0.0000|0.0000|0.0000|0.0000|0.0000|0.0000|0.0000|0.0000|0.0000|0.0000|0.0000|
|0.0000|0.0000|0.0000|0.0000|0.0000|0.0000|0.0000|0.0000|0.0000|0.0000|0.0000|0.0000|0.0000|0.0000|0.0000|0.0000|0.0000|0.0000|0.0000|0.0000|0.0000|0.0000|0.0000|0.0000|0.0000|0.0000|0.0000|0.0000|0.0000|0.0000|0.0000|0.0000|0.0000|0.0000|0.0000|0.0000|0.0000|0.0000|0.0000|0.0000|0.0000|0.0000|0.0000|0.0000|0.0000|0.0000|0.0000|0.0000|0.0000|0.0000|
|0.0000|0.0000|0.0000|0.0000|0.0000|0.0000|0.0000|0.0000|0.0000|0.0000|0.0000|0.0000|0.0000|0.0000|0.0000|0.0000|0.0000|0.0000|0.0000|0.0000|0.0000|0.0000|0.0000|0.0000|0.0000|0.0000|0.0000|0.0000|0.0000|0.0000|0.0000|0.0000|0.0000|0.0000|0.0000|0.0000|0.0000|0.0000|0.0000|0.0000|0.0000|0.0000|0.0000|0.0000|0.0000|0.0000|0.0000|0.0000|0.0000|0.0000|
|0.0000|0.0000|0.0000|0.0000|0.0000|0.0000|0.0000|0.0000|0.0000|0.0000|0.0000|0.0000|0.0000|0.0000|0.0000|0.0000|0.0000|0.0000|0.0000|0.0000|0.0000|0.0000|0.0000|0.0000|0.0000|0.0000|0.0000|0.0000|0.0000|0.0000|0.0000|0.0000|0.0000|0.0000|0.0000|0.0000|0.0000|0.0000|0.0000|0.0000|0.0000|0.0000|0.0000|0.0000|0.0000|0.0000|0.0000|0.0000|0.0000|0.0000|
|0.0000|0.0000|0.0000|0.0000|0.0000|0.0000|0.0000|0.0000|0.0000|0.0000|0.0000|0.0000|0.0000|0.0000|0.0000|0.0000|0.0000|0.0000|0.0000|0.0000|0.0000|0.0000|0.0000|0.0000|0.0000|0.0000|0.0000|0.0000|0.0000|0.0000|0.0000|0.0000|0.0000|0.0000|0.0000|0.0000|0.0000|0.0000|0.0000|0.0000|0.0000|0.0000|0.0000|0.0000|0.0000|0.0000|0.0000|0.0000|0.0000|0.0000|
|0.0000|0.0000|0.0000|0.0000|0.0000|0.0000|0.0000|0.0000|0.0000|0.0000|0.0000|0.0000|0.0000|0.0000|0.0000|0.0000|0.0000|0.0000|0.0000|0.0000|0.0000|0.0000|0.0000|0.0000|0.0000|0.0000|0.0000|0.0000|0.0000|0.0000|0.0000|0.0000|0.0000|0.0000|0.0000|0.0000|0.0000|0.0000|0.0000|0.0000|0.0000|0.0000|0.0000|0.0000|0.0000|0.0000|0.0000|0.0000|0.0000|0.0000|
|0.0000|0.0000|0.0000|0.0000|0.0000|0.0000|0.0000|0.0000|0.0000|0.0000|0.0000|0.0000|0.0000|0.0000|0.0000|0.0000|0.0000|0.0000|0.0000|0.0000|0.0000|0.0000|0.0000|0.0000|0.0000|0.0000|0.0000|0.0000|0.0000|0.0000|0.0000|0.0000|0.0000|0.0000|0.0000|0.0000|0.0000|0.0000|0.0000|0.0000|0.0000|0.0000|0.0000|0.0000|0.0000|0.0000|0.0000|0.0000|0.0000|0.0000|
|0.0000|0.0000|0.0000|0.0000|0.0000|0.0000|0.0000|0.0000|0.0000|0.0000|0.0000|0.0000|0.0000|0.0000|0.0000|0.0000|0.0000|0.0000|0.0000|0.0000|0.0000|0.0000|0.0000|0.0000|0.0000|0.0000|0.0000|0.0000|0.0000|0.0000|0.0000|0.0000|0.0000|0.0000|0.0000|0.0000|0.0000|0.0000|0.0000|0.0000|0.0000|0.0000|0.0000|0.0000|0.0000|0.0000|0.0000|0.0000|0.0000|0.0000|
|0.0000|0.0000|0.0000|0.0000|0.0000|0.0000|0.0000|0.0000|0.0000|0.0000|0.0000|0.0000|0.0000|0.0000|0.0000|0.0000|0.0000|0.0000|0.0000|0.0000|0.0000|0.0000|0.0000|0.0000|0.0000|0.0000|0.0000|0.0000|0.0000|0.0000|0.0000|0.0000|0.0000|0.0000|0.0000|0.0000|0.0000|0.0000|0.0000|0.0000|0.0000|0.0000|0.0000|0.0000|0.0000|0.0000|0.0000|0.0000|0.0000|0.0000|
|0.0000|0.0000|0.0000|0.0000|0.0000|0.0000|0.0000|0.0000|0.0000|0.0000|0.0000|0.0000|0.0000|0.0000|0.0000|0.0000|0.0000|0.0000|0.0000|0.0000|0.0000|0.0000|0.0000|0.0000|0.0000|0.0000|0.0000|0.0000|0.0000|0.0000|0.0000|0.0000|0.0000|0.0000|0.0000|0.0000|0.0000|0.0000|0.0000|0.0000|0.0000|0.0000|0.0000|0.0000|0.0000|0.0000|0.0000|0.0000|0.0000|0.0000|
|0.0000|0.0000|0.0000|0.0000|0.0000|0.0000|0.0000|0.0000|0.0000|0.0000|0.0000|0.0000|0.0000|0.0000|0.0000|0.0000|0.0000|0.0000|0.0000|0.0000|0.0000|0.0000|0.0000|0.0000|0.0000|0.0000|0.0000|0.0000|0.0000|0.0000|0.0000|0.0000|0.0000|0.0000|0.0000|0.0000|0.0000|0.0000|0.0000|0.0000|0.0000|0.0000|0.0000|0.0000|0.0000|0.0000|0.0000|0.0000|0.0000|0.0000|
|0.0000|0.0000|0.0000|0.0000|0.0000|0.0000|0.0000|0.0000|0.0000|0.0000|0.0000|0.0000|0.0000|0.0000|0.0000|0.0000|0.0000|0.0000|0.0000|0.0000|0.0000|0.0000|0.0000|0.0000|0.0000|0.0000|0.0000|0.0000|0.0000|0.0000|0.0000|0.0000|0.0000|0.0000|0.0000|0.0000|0.0000|0.0000|0.0000|0.0000|0.0000|0.0000|0.0000|0.0000|0.0000|0.0000|0.0000|0.0000|0.0000|0.0000|
|0.0000|0.0000|0.0000|0.0000|0.0000|0.0000|0.0000|0.0000|0.0000|0.0000|0.0000|0.0000|0.0000|0.0000|0.0000|0.0000|0.0000|0.0000|0.0000|0.0000|0.0000|0.0000|0.0000|0.0000|0.0000|0.0000|0.0000|0.0000|0.0000|0.0000|0.0000|0.0000|0.0000|0.0000|0.0000|0.0000|0.0000|0.0000|0.0000|0.0000|0.0000|0.0000|0.0000|0.0000|0.0000|0.0000|0.0000|0.0000|0.0000|0.0000|
|0.0000|0.0000|0.0000|0.0000|0.0000|0.0000|0.0000|0.0000|0.0000|0.0000|0.0000|0.0000|0.0000|0.0000|0.0000|0.0000|0.0000|0.0000|0.0000|0.0000|0.0000|0.0000|0.0000|0.0000|0.0000|0.0000|0.0000|0.0000|0.0000|0.0000|0.0000|0.0000|0.0000|0.0000|0.0000|0.0000|0.0000|0.0000|0.0000|0.0000|0.0000|0.0000|0.0000|0.0000|0.0000|0.0000|0.0000|0.0000|0.0000|0.0000|
|0.0000|0.0000|0.0000|0.0000|0.0000|0.0000|0.0000|0.0000|0.0000|0.0000|0.0000|0.0000|0.0000|0.0000|0.0000|0.0000|0.0000|0.0000|0.0000|0.0000|0.0000|0.0000|0.0000|0.0000|0.0000|0.0000|0.0000|0.0000|0.0000|0.0000|0.0000|0.0000|0.0000|0.0000|0.0000|0.0000|0.0000|0.0000|0.0000|0.0000|0.0000|0.0000|0.0000|0.0000|0.0000|0.0000|0.0000|0.0000|0.0000|0.0000|
|0.0000|0.0000|0.0000|0.0000|0.0000|0.0000|0.0000|0.0000|0.0000|0.0000|0.0000|0.0000|0.0000|0.0000|0.0000|0.0000|0.0000|0.0000|0.0000|0.0000|0.0000|0.0000|0.0000|0.0000|0.0000|0.0000|0.0000|0.0000|0.0000|0.0000|0.0000|0.0000|0.0000|0.0000|0.0000|0.0000|0.0000|0.0000|0.0000|0.0000|0.0000|0.0000|0.0000|0.0000|0.0000|0.0000|0.0000|0.0000|0.0000|0.0000|
|0.0000|0.0000|0.0000|0.0000|0.0000|0.0000|0.0000|0.0000|0.0000|0.0000|0.0000|0.0000|0.0000|0.0000|0.0000|0.0000|0.0000|0.0000|0.0000|0.0000|0.0000|0.0000|0.0000|0.0000|0.0000|0.0000|0.0000|0.0000|0.0000|0.0000|0.0000|0.0000|0.0000|0.0000|0.0000|0.0000|0.0000|0.0000|0.0000|0.0000|0.0000|0.0000|0.0000|0.0000|0.0000|0.0000|0.0000|0.0000|0.0000|0.0000|
|0.0000|0.0000|0.0000|0.0000|0.0000|0.0000|0.0000|0.0000|0.0000|0.0000|0.0000|0.0000|0.0000|0.0000|0.0000|0.0000|0.0000|0.0000|0.0000|0.0000|0.0000|0.0000|0.0000|0.0000|0.0000|0.0000|0.0000|0.0000|0.0000|0.0000|0.0000|0.0000|0.0000|0.0000|0.0000|0.0000|0.0000|0.0000|0.0000|0.0000|0.0000|0.0000|0.0000|0.0000|0.0000|0.0000|0.0000|0.0000|0.0000|0.0000|
|0.0000|0.0000|0.0000|0.0000|0.0000|0.0000|0.0000|0.0000|0.0000|0.0000|0.0000|0.0000|0.0000|0.0000|0.0000|0.0000|0.0000|0.0000|0.0000|0.0000|0.0000|0.0000|0.0000|0.0000|0.0000|0.0000|0.0000|0.0000|0.0000|0.0000|0.0000|0.0000|0.0000|0.0000|0.0000|0.0000|0.0000|0.0000|0.0000|0.0000|0.0000|0.0000|0.0000|0.0000|0.0000|0.0000|0.0000|0.0000|0.0000|0.0000|
|0.0000|0.0000|0.0000|0.0000|0.0000|0.0000|0.0000|0.0000|0.0000|0.0000|0.0000|0.0000|0.0000|0.0000|0.0000|0.0000|0.0000|0.0000|0.0000|0.0000|0.0000|0.0000|0.0000|0.0000|0.0000|0.0000|0.0000|0.0000|0.0000|0.0000|0.0000|0.0000|0.0000|0.0000|0.0000|0.0000|0.0000|0.0000|0.0000|0.0000|0.0000|0.0000|0.0000|0.0000|0.0000|0.0000|0.0000|0.0000|0.0000|0.0000|
|0.0000|0.0000|0.0000|0.0000|0.0000|0.0000|0.0000|0.0000|0.0000|0.0000|0.0000|0.0000|0.0000|0.0000|0.0000|0.0000|0.0000|0.0000|0.0000|0.0000|0.0000|0.0000|0.0000|0.0000|0.0000|0.0000|0.0000|0.0000|0.0000|0.0000|0.0000|0.0000|0.0000|0.0000|0.0000|0.0000|0.0000|0.0000|0.0000|0.0000|0.0000|0.0000|0.0000|0.0000|0.0000|0.0000|0.0000|0.0000|0.0000|0.0000|
|0.0000|0.0000|0.0000|0.0000|0.0000|0.0000|0.0000|0.0000|0.0000|0.0000|0.0000|0.0000|0.0000|0.0000|0.0000|0.0000|0.0000|0.0000|0.0000|0.0000|0.0000|0.0000|0.0000|0.0000|0.0000|0.0000|0.0000|0.0000|0.0000|0.0000|0.0000|0.0000|0.0000|0.0000|0.0000|0.0000|0.0000|0.0000|0.0000|0.0000|0.0000|0.0000|0.0000|0.0000|0.0000|0.0000|0.0000|0.0000|0.0000|0.0000|
|0.0000|0.0000|0.0000|0.0000|0.0000|0.0000|0.0000|0.0000|0.0000|0.0000|0.0000|0.0000|0.0000|0.0000|0.0000|0.0000|0.0000|0.0000|0.0000|0.0000|0.0000|0.0000|0.0000|0.0000|0.0000|0.0000|0.0000|0.0000|0.0000|0.0000|0.0000|0.0000|0.0000|0.0000|0.0000|0.0000|0.0000|0.0000|0.0000|0.0000|0.0000|0.0000|0.0000|0.0000|0.0000|0.0000|0.0000|0.0000|0.0000|0.0000|
|0.0000|0.0000|0.0000|0.0000|0.0000|0.0000|0.0000|0.0000|0.0000|0.0000|0.0000|0.0000|0.0000|0.0000|0.0000|0.0000|0.0000|0.0000|0.0000|0.0000|0.0000|0.0000|0.0000|0.0000|0.0000|0.0000|0.0000|0.0000|0.0000|0.0000|0.0000|0.0000|0.0000|0.0000|0.0000|0.0000|0.0000|0.0000|0.0000|0.0000|0.0000|0.0000|0.0000|0.0000|0.0000|0.0000|0.0000|0.0000|0.0000|0.0000|
|0.0000|0.0000|0.0000|0.0000|0.0000|0.0000|0.0000|0.0000|0.0000|0.0000|0.0000|0.0000|0.0000|0.0000|0.0000|0.0000|0.0000|0.0000|0.0000|0.0000|0.0000|0.0000|0.0000|0.0000|0.0000|0.0000|0.0000|0.0000|0.0000|0.0000|0.0000|0.0000|0.0000|0.0000|0.0000|0.0000|0.0000|0.0000|0.0000|0.0000|0.0000|0.0000|0.0000|0.0000|0.0000|0.0000|0.0000|0.0000|0.0000|0.0000|
|0.0000|0.0000|0.0000|0.0000|0.0000|0.0000|0.0000|0.0000|0.0000|0.0000|0.0000|0.0000|0.0000|0.0000|0.0000|0.0000|0.0000|0.0000|0.0000|0.0000|0.0000|0.0000|0.0000|0.0000|0.0000|0.0000|0.0000|0.0000|0.0000|0.0000|0.0000|0.0000|0.0000|0.0000|0.0000|0.0000|0.0000|0.0000|0.0000|0.0000|0.0000|0.0000|0.0000|0.0000|0.0000|0.0000|0.0000|0.0000|0.0000|0.0000|
|0.0000|0.0000|0.0000|0.0000|0.0000|0.0000|0.0000|0.0000|0.0000|0.0000|0.0000|0.0000|0.0000|0.0000|0.0000|0.0000|0.0000|0.0000|0.0000|0.0000|0.0000|0.0000|0.0000|0.0000|0.0000|0.0000|0.0000|0.0000|0.0000|0.0000|0.0000|0.0000|0.0000|0.0000|0.0000|0.0000|0.0000|0.0000|0.0000|0.0000|0.0000|0.0000|0.0000|0.0000|0.0000|0.0000|0.0000|0.0000|0.0000|0.0000|
|0.0000|0.0000|0.0000|0.0000|0.0000|0.0000|0.0000|0.0000|0.0000|0.0000|0.0000|0.0000|0.0000|0.0000|0.0000|0.0000|0.0000|0.0000|0.0000|0.0000|0.0000|0.0000|0.0000|0.0000|0.0000|0.0000|0.0000|0.0000|0.0000|0.0000|0.0000|0.0000|0.0000|0.0000|0.0000|0.0000|0.0000|0.0000|0.0000|0.0000|0.0000|0.0000|0.0000|0.0000|0.0000|0.0000|0.0000|0.0000|0.0000|0.0000|

|0.0000|0.0000|0.0000|0.0000|0.0000|0.0000|0.0000|0.0000|0.0000|0.0000|0.0000|0.0000|0.0000|0.0000|0.0000|0.0000|0.0000|0.0000|0.0000|0.0000|0.0000|0.0000|0.0000|0.0000|0.0000|0.0000|0.0000|0.0000|0.0000|0.0000|0.0000|0.0000|0.0000|0.0000|0.0000|0.0000|0.0000|0.0000|0.0000|0.0000|0.0000|0.0000|0.0000|0.0000|0.0000|0.0000|0.0000|0.0000|0.0000|0.0000|
|0.0000|0.0000|0.0000|0.0000|0.0000|0.0000|0.0000|0.0000|0.0000|0.0000|0.0000|0.0000|0.0000|0.0000|0.0000|0.0000|0.0000|0.0000|0.0000|0.0000|0.0000|0.0000|0.0000|0.0000|0.0000|0.0000|0.0000|0.0000|0.0000|0.0000|0.0000|0.0000|0.0000|0.0000|0.0000|0.0000|0.0000|0.0000|0.0000|0.0000|0.0000|0.0000|0.0000|0.0000|0.0000|0.0000|0.0000|0.0000|0.0000|0.0000|
|0.0000|0.0000|0.0000|0.3750|0.0000|0.0000|0.0000|0.0000|0.0000|0.0000|0.0000|0.0000|0.0000|0.0000|0.0000|0.0000|0.0000|0.0000|0.0000|0.0000|0.0000|0.0000|0.0000|0.0000|0.0000|0.0000|0.0000|0.0000|0.0000|0.0000|0.0000|0.0000|0.0000|0.0000|0.0000|0.0000|0.0000|0.0000|0.0000|0.0000|0.0000|0.0000|0.0000|0.0000|0.0000|0.0000|0.0000|0.0000|0.0000|0.0000|
|0.0000|0.1406|0.0000|0.1406|0.0000|0.0000|0.0000|0.0000|0.0000|0.0000|0.0000|0.0000|0.0000|0.0000|0.0000|0.0000|0.0000|0.0000|0.0000|0.0000|0.0000|0.0000|0.0000|0.0000|0.0000|0.0000|0.0000|0.0000|0.0000|0.0000|0.0000|0.0000|0.0000|0.0000|0.0000|0.0000|0.0000|0.0000|0.0000|0.0000|0.0000|0.0000|0.0000|0.0000|0.0000|0.0000|0.0000|0.0000|0.0000|0.0000|
|0.0000|0.0000|0.3750|0.2188|0.0000|0.0000|0.0000|0.0000|0.0000|0.0000|0.0000|0.0000|0.0000|0.0000|0.0000|0.0000|0.0000|0.0000|0.0000|0.0000|0.0000|0.0000|0.0000|0.0000|0.0000|0.0000|0.0000|0.0000|0.0000|0.0000|0.0000|0.0000|0.0000|0.0000|0.0000|0.0000|0.0000|0.0000|0.0000|0.0000|0.0000|0.0000|0.0000|0.0000|0.0000|0.0000|0.0000|0.0000|0.0000|0.0000|
|0.0000|0.0000|0.0000|0.0000|0.0000|0.0000|0.0000|0.0000|0.0000|0.0000|0.0000|0.0000|0.0000|0.0000|0.0000|0.0000|0.0000|0.0000|0.0000|0.0000|0.0000|0.0000|0.0000|0.0000|0.0000|0.0000|0.0000|0.0000|0.0000|0.0000|0.0000|0.0000|0.0000|0.0000|0.0000|0.0000|0.0000|0.0000|0.0000|0.0000|0.0000|0.0000|0.0000|0.0000|0.0000|0.0000|0.0000|0.0000|0.0000|0.0000|
|0.0000|0.0000|0.0000|0.0000|0.0000|0.0000|0.0000|0.0000|0.0000|0.0000|0.0000|0.0000|0.0000|0.0000|0.0000|0.0000|0.0000|0.0000|0.0000|0.0000|0.0000|0.0000|0.0000|0.0000|0.0000|0.0000|0.0000|0.0000|0.0000|0.0000|0.0000|0.0000|0.0000|0.0000|0.0000|0.0000|0.0000|0.0000|0.0000|0.0000|0.0000|0.0000|0.0000|0.0000|0.0000|0.0000|0.0000|0.0000|0.0000|0.0000|
|0.0000|0.0000|0.0000|0.0000|0.0000|0.0000|0.0000|0.0000|0.0000|0.0000|0.0000|0.0000|0.0000|0.0000|0.0000|0.0000|0.0000|0.0000|0.0000|0.0000|0.0000|0.0000|0.0000|0.0000|0.0000|0.0000|0.0000|0.0000|0.0000|0.0000|0.0000|0.0000|0.0000|0.0000|0.0000|0.0000|0.0000|0.0000|0.0000|0.0000|0.0000|0.0000|0.0000|0.0000|0.0000|0.0000|0.0000|0.0000|0.0000|0.0000|
|0.0000|0.0000|0.0000|0.0000|0.0000|0.0000|0.0000|0.0000|0.0000|0.0000|0.0000|0.0000|0.0000|0.0000|0.0000|0.0000|0.0000|0.0000|0.0000|0.0000|0.0000|0.0000|0.0000|0.0000|0.0000|0.0000|0.0000|0.0000|0.0000|0.0000|0.0000|0.0000|0.0000|0.0000|0.0000|0.0000|0.0000|0.0000|0.0000|0.0000|0.0000|0.0000|0.0000|0.0000|0.0000|0.0000|0.0000|0.0000|0.0000|0.0000|
|0.0000|0.0000|0.0000|0.0000|0.0000|0.0000|0.0000|0.0000|0.0000|0.0000|0.0000|0.0000|0.0000|0.0000|0.0000|0.0000|0.0000|0.0000|0.0000|0.0000|0.0000|0.0000|0.0000|0.0000|0.0000|0.0000|0.0000|0.0000|0.0000|0.0000|0.0000|0.2188|0.0000|0.0000|0.0000|0.0000|0.0000|0.0000|0.0000|0.0000|0.0000|0.0000|0.0000|0.0000|0.0000|0.0000|0.0000|0.0000|0.0000|0.0000|
|0.0000|0.0000|0.0000|0.0000|0.0000|0.0000|0.0000|0.0000|0.0000|0.0000|0.0000|0.0000|0.0000|0.0000|0.0000|0.0000|0.0000|0.0000|0.0000|0.0000|0.0000|0.0000|0.0000|0.0000|0.0000|0.0000|0.0000|0.0000|0.0000|0.0000|0.3750|0.2188|0.0000|0.0000|0.0000|0.0000|0.0000|0.0000|0.0000|0.0000|0.0000|0.0000|0.0000|0.0000|0.0000|0.0000|0.0000|0.0000|0.0000|0.0000|
|0.0000|0.0000|0.0000|0.0000|0.0000|0.0000|0.0000|0.0000|0.0000|0.0000|0.0000|0.0000|0.0000|0.0000|0.0000|0.0000|0.0000|0.0000|0.0000|0.0000|0.0000|0.0000|0.0000|0.0000|0.0000|0.0000|0.0000|0.0000|0.0000|0.1406|0.0000|0.0000|0.2969|0.0000|0.0000|0.0000|0.0000|0.0000|0.0000|0.0000|0.0000|0.0000|0.0000|0.0000|0.0000|0.0000|0.0000|0.0000|0.0000|0.0000|
|0.0000|0.0000|0.0000|0.0000|0.0000|0.0000|0.0000|0.0000|0.0000|0.0000|0.0000|0.0000|0.0000|0.0000|0.0000|0.0000|0.0000|0.0000|0.0000|0.0000|0.0000|0.0000|0.0000|0.0000|0.0000|0.0000|0.0000|0.0000|0.0000|0.0000|0.3750|1.0000|0.0000|0.0000|0.0000|0.0000|0.0000|0.0000|0.0000|0.0000|0.0000|0.0000|0.0000|0.0000|0.0000|0.0000|0.0000|0.0000|0.0000|0.0000|
|0.0000|0.0000|0.0000|0.0000|0.0000|0.0000|0.0000|0.0000|0.0000|0.0000|0.0000|0.0000|0.0000|0.0000|0.0000|0.0000|0.0000|0.0000|0.0000|0.0000|0.0000|0.0000|0.0000|0.0000|0.0000|0.0000|0.0000|0.0000|0.0000|0.0000|0.0000|0.0000|0.0000|0.0000|0.0000|0.0000|0.0000|0.0000|0.0000|0.0000|0.0000|0.0000|0.0000|0.0000|0.0000|0.0000|0.0000|0.0000|0.0000|0.0000|
|0.0000|0.0000|0.0000|0.0000|0.0000|0.0000|0.0000|0.0000|0.0000|0.0000|0.0000|0.0000|0.0000|0.0000|0.0000|0.0000|0.0000|0.0000|0.0000|0.0000|0.0000|0.0000|0.0000|0.0000|0.0000|0.0000|0.0000|0.0000|0.0000|0.0000|0.0000|0.0000|0.0000|0.0000|0.0000|0.0000|0.0000|0.0000|0.0000|0.0000|0.0000|0.0000|0.0000|0.0000|0.0000|0.0000|0.0000|0.0000|0.0000|0.0000|
|0.0000|0.0000|0.0000|0.0000|0.0000|0.0000|0.0000|0.0000|0.0000|0.0000|0.0000|0.0000|0.0000|0.0000|0.0000|0.0000|0.0000|0.0000|0.0000|0.0000|0.0000|0.0000|0.0000|0.0000|0.0000|0.0000|0.0000|0.0000|0.0000|0.0000|0.0000|0.0000|0.0000|0.0000|0.0000|0.0000|0.0000|0.0000|0.0000|0.0000|0.0000|0.0000|0.0000|0.0000|0.0000|0.0000|0.0000|0.0000|0.0000|0.0000|
|0.0000|0.0000|0.0000|0.0000|0.0000|0.0000|0.0000|0.0000|0.0000|0.0000|0.0000|0.0000|0.0000|0.0000|0.0000|0.0000|0.0000|0.0000|0.0000|0.0000|0.0000|0.0000|0.0000|0.0000|0.0000|0.0000|0.0000|0.0000|0.0000|0.0000|0.0000|0.0000|0.0000|0.0000|0.0000|0.0000|0.0000|0.0000|0.0000|0.0000|0.0000|0.0000|0.0000|0.0000|0.0000|0.0000|0.0000|0.0000|0.0000|0.0000|
|0.0000|0.0000|0.0000|0.0000|0.0000|0.0000|0.0000|0.0000|0.0000|0.0000|0.0000|0.0000|0.0000|0.0000|0.0000|0.0000|0.0000|0.0000|0.0000|0.0000|0.0000|0.0000|0.0000|0.0000|0.0000|0.0000|0.0000|0.0000|0.0000|0.0000|0.0000|0.0000|0.0000|0.0000|0.0000|0.0000|0.0000|0.0000|0.0000|0.0000|0.0000|0.0000|0.0000|0.0000|0.0000|0.0000|0.0000|0.0000|0.0000|0.0000|
|0.0000|0.0000|0.0000|0.0000|0.0000|0.0000|0.0000|0.0000|0.0000|0.0000|0.0000|0.0000|0.0000|0.0000|0.0000|0.0000|0.0000|0.0000|0.0000|0.0000|0.0000|0.0000|0.0000|0.0000|0.0000|0.0000|0.0000|0.0000|0.0000|0.0000|0.0000|0.0000|0.0000|0.0000|0.0000|0.0000|0.0000|0.0000|0.0000|0.0000|0.0000|0.0000|0.0000|0.0000|0.0000|0.0000|0.0000|0.0000|0.0000|0.0000|
|0.0000|0.0000|0.0000|0.0000|0.0000|0.0000|0.0000|0.0000|0.0000|0.0000|0.0000|0.0000|0.0000|0.0000|0.0000|0.0000|0.0000|0.0000|0.0000|0.0000|0.0000|0.0000|0.0000|0.0000|0.0000|0.0000|0.0000|0.0000|0.0000|0.0000|0.0000|0.0000|0.0000|0.0000|0.0000|0.0000|0.0000|0.0000|0.0000|0.0000|0.0000|0.0000|0.0000|0.0000|0.0000|0.0000|0.0000|0.0000|0.0000|0.0000|
|0.0000|0.0000|0.0000|0.0000|0.0000|0.0000|0.0000|0.0000|0.0000|0.0000|0.0000|0.0000|0.0000|0.0000|0.0000|0.0000|0.0000|0.0000|0.0000|0.0000|0.0000|0.0000|0.0000|0.0000|0.0000|0.0000|0.0000|0.0000|0.0000|0.0000|0.0000|0.0000|0.0000|0.0000|0.0000|0.0000|0.0000|0.0000|0.0000|0.0000|0.0000|0.0000|0.0000|0.0000|0.0000|0.0000|0.0000|0.0000|0.0000|0.0000|
|0.0000|0.0000|0.0000|0.0000|0.0000|0.0000|0.0000|0.0000|0.0000|0.0000|0.0000|0.0000|0.0000|0.0000|0.0000|0.0000|0.0000|0.0000|0.0000|0.0000|0.0000|0.0000|0.0000|0.0000|0.0000|0.0000|0.0000|0.0000|0.0000|0.0000|0.0000|0.0000|0.0000|0.0000|0.0000|0.0000|0.0000|0.0000|0.0000|0.0000|0.0000|0.0000|0.0000|0.0000|0.0000|0.0000|0.0000|0.0000|0.0000|0.0000|
|0.0000|0.0000|0.0000|0.0000|0.0000|0.0000|0.0000|0.0000|0.0000|0.0000|0.0000|0.0000|0.0000|0.0000|0.0000|0.0000|0.0000|0.0000|0.0000|0.0000|0.0000|0.0000|0.0000|0.0000|0.0000|0.0000|0.0000|0.0000|0.0000|0.0000|0.0000|0.0000|0.0000|0.0000|0.0000|0.0000|0.0000|0.0000|0.0000|0.0000|0.0000|0.0000|0.0000|0.0000|0.0000|0.0000|0.0000|0.0000|0.0000|0.0000|
|0.0000|0.0000|0.0000|0.0000|0.0000|0.0000|0.0000|0.0000|0.0000|0.0000|0.0000|0.0000|0.0000|0.0000|0.0000|0.0000|0.0000|0.0000|0.0000|0.0000|0.0000|0.0000|0.0000|0.0000|0.0000|0.0000|0.0000|0.0000|0.0000|0.0000|0.0000|0.0000|0.0000|0.0000|0.0000|0.0000|0.0000|0.0000|0.0000|0.0000|0.0000|0.0000|0.0000|0.0000|0.0000|0.0000|0.0000|0.0000|0.0000|0.0000|
|0.0000|0.0000|0.0000|0.0000|0.0000|0.0000|0.0000|0.0000|0.0000|0.0000|0.0000|0.0000|0.0000|0.0000|0.0000|0.0000|0.0000|0.0000|0.0000|0.0000|0.0000|0.0000|0.0000|0.0000|0.0000|0.0000|0.0000|0.0000|0.0000|0.0000|0.0000|0.0000|0.0000|0.0000|0.0000|0.0000|0.0000|0.0000|0.0000|0.0000|0.0000|0.0000|0.0000|0.0000|0.0000|0.0000|0.0000|0.0000|0.0000|0.0000|
|0.0000|0.0000|0.0000|0.0000|0.0000|0.0000|0.0000|0.0000|0.0000|0.0000|0.0000|0.0000|0.0000|0.0000|0.0000|0.0000|0.0000|0.0000|0.0000|0.0000|0.0000|0.0000|0.0000|0.0000|0.0000|0.0000|0.0000|0.0000|0.0000|0.0000|0.0000|0.0000|0.0000|0.0000|0.0000|0.0000|0.0000|0.0000|0.0000|0.0000|0.0000|0.0000|0.0000|0.0000|0.0000|0.0000|0.0000|0.0000|0.0000|0.0000|
|0.0000|0.0000|0.0000|0.0000|0.0000|0.0000|0.0000|0.0000|0.0000|0.0000|0.0000|0.0000|0.0000|0.0000|0.0000|0.0000|0.0000|0.0000|0.0000|0.0000|0.0000|0.0000|0.0000|0.0000|0.0000|0.0000|0.0000|0.0000|0.0000|0.0000|0.0000|0.0000|0.0000|0.0000|0.0000|0.0000|0.0000|0.0000|0.0000|0.0000|0.0000|0.0000|0.0000|0.0000|0.0000|0.0000|0.0000|0.0000|0.0000|0.0000|
|0.0000|0.0000|0.0000|0.0000|0.0000|0.0000|0.0000|0.0000|0.0000|0.0000|0.0000|0.0000|0.0000|0.0000|0.0000|0.0000|0.0000|0.0000|0.0000|0.0000|0.0000|0.0000|0.0000|0.0000|0.0000|0.0000|0.0000|0.0000|0.0000|0.0000|0.0000|0.0000|0.0000|0.0000|0.0000|0.0000|0.0000|0.0000|0.0000|0.0000|0.0000|0.0000|0.0000|0.0000|0.0000|0.0000|0.0000|0.0000|0.0000|0.0000|
|0.0000|0.0000|0.0000|0.0000|0.0000|0.0000|0.0000|0.0000|0.0000|0.0000|0.0000|0.0000|0.0000|0.0000|0.0000|0.0000|0.0000|0.0000|0.0000|0.0000|0.0000|0.0000|0.0000|0.0000|0.0000|0.0000|0.0000|0.0000|0.0000|0.0000|0.0000|0.0000|0.0000|0.0000|0.0000|0.0000|0.0000|0.0000|0.0000|0.0000|0.0000|0.0000|0.0000|0.0000|0.0000|0.0000|0.0000|0.0000|0.0000|0.0000|
|0.0000|0.0000|0.0000|0.0000|0.0000|0.0000|0.0000|0.0000|0.0000|0.0000|0.0000|0.0000|0.0000|0.0000|0.0000|0.0000|0.0000|0.0000|0.0000|0.0000|0.0000|0.0000|0.0000|0.0000|0.0000|0.0000|0.0000|0.0000|0.0000|0.0000|0.0000|0.0000|0.0000|0.0000|0.0000|0.0000|0.0000|0.0000|0.0000|0.0000|0.0000|0.0000|0.0000|0.0000|0.0000|0.0000|0.0000|0.0000|0.0000|0.0000|
|0.0000|0.0000|0.0000|0.0000|0.0000|0.0000|0.0000|0.0000|0.0000|0.0000|0.0000|0.0000|0.0000|0.0000|0.0000|0.0000|0.0000|0.0000|0.0000|0.0000|0.0000|0.0000|0.0000|0.0000|0.0000|0.0000|0.0000|0.0000|0.0000|0.0000|0.0000|0.0000|0.0000|0.0000|0.0000|0.0000|0.0000|0.0000|0.0000|0.0000|0.0000|0.0000|0.0000|0.0000|0.0000|0.0000|0.0000|0.0000|0.0000|0.0000|
|0.0000|0.0000|0.0000|0.0000|0.0000|0.0000|0.0000|0.0000|0.0000|0.0000|0.0000|0.0000|0.0000|0.0000|0.0000|0.0000|0.0000|0.0000|0.0000|0.0000|0.0000|0.0000|0.0000|0.0000|0.0000|0.0000|0.0000|0.0000|0.0000|0.0000|0.0000|0.0000|0.0000|0.0000|0.0000|0.0000|0.0000|0.0000|0.0000|0.0000|0.0000|0.0000|0.0000|0.0000|0.0000|0.0000|0.0000|0.0000|0.0000|0.0000|
|0.0000|0.0000|0.0000|0.0000|0.0000|0.0000|0.0000|0.0000|0.0000|0.0000|0.0000|0.0000|0.0000|0.0000|0.0000|0.0000|0.0000|0.0000|0.0000|0.0000|0.0000|0.0000|0.0000|0.0000|0.0000|0.0000|0.0000|0.0000|0.0000|0.0000|0.0000|0.0000|0.0000|0.0000|0.0000|0.0000|0.0000|0.0000|0.0000|0.0000|0.0000|0.0000|0.0000|0.0000|0.0000|0.0000|0.0000|0.0000|0.0000|0.0000|
|0.0000|0.0000|0.0000|0.0000|0.0000|0.0000|0.0000|0.0000|0.0000|0.0000|0.0000|0.0000|0.0000|0.0000|0.0000|0.0000|0.0000|0.0000|0.0000|0.0000|0.0000|0.0000|0.0000|0.0000|0.0000|0.0000|0.0000|0.0000|0.0000|0.0000|0.0000|0.0000|0.0000|0.0000|0.0000|0.0000|0.0000|0.0000|0.0000|0.0000|0.0000|0.0000|0.0000|0.0000|0.0000|0.0000|0.0000|0.0000|0.0000|0.0000|
|0.0000|0.0000|0.0000|0.0000|0.0000|0.0000|0.0000|0.0000|0.0000|0.0000|0.0000|0.0000|0.0000|0.0000|0.0000|0.0000|0.0000|0.0000|0.0000|0.0000|0.0000|0.0000|0.0000|0.0000|0.0000|0.0000|0.0000|0.0000|0.0000|0.0000|0.0000|0.0000|0.0000|0.0000|0.0000|0.0000|0.0000|0.0000|0.0000|0.0000|0.0000|0.0000|0.0000|0.0000|0.0000|0.0000|0.0000|0.0000|0.0000|0.0000|
|0.0000|0.0000|0.0000|0.0000|0.0000|0.0000|0.0000|0.0000|0.0000|0.0000|0.0000|0.0000|0.0000|0.0000|0.0000|0.0000|0.0000|0.0000|0.0000|0.0000|0.0000|0.0000|0.0000|0.0000|0.0000|0.0000|0.0000|0.0000|0.0000|0.0000|0.0000|0.0000|0.0000|0.0000|0.0000|0.0000|0.0000|0.0000|0.0000|0.0000|0.0000|0.0000|0.0000|0.0000|0.0000|0.0000|0.0000|0.0000|0.0000|0.0000|
|0.0000|0.0000|0.0000|0.0000|0.0000|0.0000|0.0000|0.0000|0.0000|0.0000|0.0000|0.0000|0.0000|0.0000|0.0000|0.0000|0.0000|0.0000|0.0000|0.0000|0.0000|0.0000|0.0000|0.0000|0.0000|0.0000|0.0000|0.0000|0.0000|0.0000|0.0000|0.0000|0.0000|0.0000|0.0000|0.0000|0.0000|0.0000|0.0000|0.0000|0.0000|0.0000|0.0000|0.0000|0.0000|0.0000|0.0000|0.0000|0.0000|0.0000|
|0.0000|0.0000|0.0000|0.0000|0.0000|0.0000|0.0000|0.0000|0.0000|0.0000|0.0000|0.0000|0.0000|0.0000|0.0000|0.0000|0.0000|0.0000|0.0000|0.0000|0.0000|0.0000|0.0000|0.0000|0.0000|0.0000|0.0000|0.0000|0.0000|0.0000|0.0000|0.0000|0.0000|0.0000|0.0000|0.0000|0.0000|0.0000|0.0000|0.0000|0.0000|0.0000|0.0000|0.0000|0.0000|0.0000|0.0000|0.0000|0.0000|0.0000|
|0.0000|0.0000|0.0000|0.0000|0.0000|0.0000|0.0000|0.0000|0.0000|0.0000|0.0000|0.0000|0.0000|0.0000|0.0000|0.0000|0.0000|0.0000|0.0000|0.0000|0.0000|0.0000|0.0000|0.0000|0.0000|0.0000|0.0000|0.0000|0.0000|0.0000|0.0000|0.0000|0.0000|0.0000|0.0000|0.0000|0.0000|0.0000|0.0000|0.0000|0.0000|0.0000|0.0000|0.0000|0.0000|0.0000|0.0000|0.0000|0.0000|0.0000|
|0.0000|0.0000|0.0000|0.0000|0.0000|0.0000|0.0000|0.0000|0.0000|0.0000|0.0000|0.0000|0.0000|0.0000|0.0000|0.0000|0.0000|0.0000|0.0000|0.0000|0.0000|0.0000|0.0000|0.0000|0.0000|0.0000|0.0000|0.0000|0.0000|0.0000|0.0000|0.0000|0.0000|0.0000|0.0000|0.0000|0.0000|0.0000|0.0000|0.0000|0.0000|0.0000|0.0000|0.0000|0.0000|0.0000|0.0000|0.0000|0.0000|0.0000|
|0.0000|0.0000|0.0000|0.0000|0.0000|0.0000|0.0000|0.0000|0.0000|0.0000|0.0000|0.0000|0.0000|0.0000|0.0000|0.0000|0.0000|0.0000|0.0000|0.0000|0.0000|0.0000|0.0000|0.0000|0.0000|0.0000|0.0000|0.0000|0.0000|0.0000|0.0000|0.0000|0.0000|0.0000|0.0000|0.0000|0.0000|0.0000|0.0000|0.0000|0.0000|0.0000|0.0000|0.0000|0.0000|0.0000|0.0000|0.0000|0.0000|0.0000|
|0.0000|0.0000|0.0000|0.0000|0.0000|0.0000|0.0000|0.0000|0.0000|0.0000|0.0000|0.0000|0.0000|0.0000|0.0000|0.0000|0.0000|0.0000|0.0000|0.0000|0.0000|0.0000|0.0000|0.0000|0.0000|0.0000|0.0000|0.0000|0.0000|0.0000|0.0000|0.0000|0.0000|0.0000|0.0000|0.0000|0.0000|0.0000|0.0000|0.0000|0.0000|0.0000|0.0000|0.0000|0.0000|0.0000|0.0000|0.0000|0.0000|0.0000|
|0.0000|0.0000|0.0000|0.0000|0.0000|0.0000|0.0000|0.0000|0.0000|0.0000|0.0000|0.0000|0.0000|0.0000|0.0000|0.0000|0.0000|0.0000|0.0000|0.0000|0.0000|0.0000|0.0000|0.0000|0.0000|0.0000|0.0000|0.0000|0.0000|0.0000|0.0000|0.0000|0.0000|0.0000|0.0000|0.0000|0.0000|0.0000|0.0000|0.0000|0.0000|0.0000|0.0000|0.0000|0.0000|0.0000|0.0000|0.0000|0.0000|0.0000|
|0.0000|0.0000|0.0000|0.0000|0.0000|0.0000|0.0000|0.0000|0.0000|0.0000|0.0000|0.0000|0.0000|0.0000|0.0000|0.0000|0.0000|0.0000|0.0000|0.0000|0.0000|0.0000|0.0000|0.0000|0.0000|0.0000|0.0000|0.0000|0.0000|0.0000|0.0000|0.0000|0.0000|0.0000|0.0000|0.0000|0.0000|0.0000|0.0000|0.0000|0.0000|0.0000|0.0000|0.0000|0.0000|0.0000|0.0000|0.0000|0.0000|0.0000|
|0.0000|0.0000|0.0000|0.0000|0.0000|0.0000|0.0000|0.0000|0.0000|0.0000|0.0000|0.0000|0.0000|0.0000|0.0000|0.0000|0.0000|0.0000|0.0000|0.0000|0.0000|0.0000|0.0000|0.0000|0.0000|0.0000|0.0000|0.0000|0.0000|0.0000|0.0000|0.0000|0.0000|0.0000|0.0000|0.0000|0.0000|0.0000|0.0000|0.0000|0.0000|0.0000|0.0000|0.0000|0.0000|0.0000|0.0000|0.0000|0.0000|0.0000|
|0.0000|0.0000|0.0000|0.0000|0.0000|0.0000|0.0000|0.0000|0.0000|0.0000|0.0000|0.0000|0.0000|0.0000|0.0000|0.0000|0.0000|0.0000|0.0000|0.0000|0.0000|0.0000|0.0000|0.0000|0.0000|0.0000|0.0000|0.0000|0.0000|0.0000|0.0000|0.0000|0.0000|0.0000|0.0000|0.0000|0.0000|0.0000|0.0000|0.0000|0.0000|0.0000|0.0000|0.0000|0.0000|0.0000|0.0000|0.0000|0.0000|0.0000|
|0.0000|0.0000|0.0000|0.0000|0.0000|0.0000|0.0000|0.0000|0.0000|0.0000|0.0000|0.0000|0.0000|0.0000|0.0000|0.0000|0.0000|0.0000|0.0000|0.0000|0.0000|0.0000|0.0000|0.0000|0.0000|0.0000|0.0000|0.0000|0.0000|0.0000|0.0000|0.0000|0.0000|0.0000|0.0000|0.0000|0.0000|0.0000|0.0000|0.0000|0.0000|0.0000|0.0000|0.0000|0.0000|0.0000|0.0000|0.0000|0.0000|0.0000|
|0.0000|0.0000|0.0000|0.0000|0.0000|0.0000|0.0000|0.0000|0.0000|0.0000|0.0000|0.0000|0.0000|0.0000|0.0000|0.0000|0.0000|0.0000|0.0000|0.0000|0.0000|0.0000|0.0000|0.0000|0.0000|0.0000|0.0000|0.0000|0.0000|0.0000|0.0000|0.0000|0.0000|0.0000|0.0000|0.0000|0.0000|0.0000|0.0000|0.0000|0.0000|0.0000|0.0000|0.0000|0.0000|0.0000|0.0000|0.0000|0.0000|0.0000|
|0.0000|0.0000|0.0000|0.0000|0.0000|0.0000|0.0000|0.0000|0.0000|0.0000|0.0000|0.0000|0.0000|0.0000|0.0000|0.0000|0.0000|0.0000|0.0000|0.0000|0.0000|0.0000|0.0000|0.0000|0.0000|0.0000|0.0000|0.0000|0.0000|0.0000|0.0000|0.0000|0.0000|0.0000|0.0000|0.0000|0.0000|0.0000|0.0000|0.0000|0.0000|0.0000|0.0000|0.0000|0.0000|0.0000|0.0000|0.0000|0.0000|0.0000|
|0.0000|0.0000|0.0000|0.0000|0.0000|0.0000|0.0000|0.0000|0.0000|0.0000|0.0000|0.0000|0.0000|0.0000|0.0000|0.0000|0.0000|0.0000|0.0000|0.0000|0.0000|0.0000|0.0000|0.0000|0.0000|0.0000|0.0000|0.0000|0.0000|0.0000|0.0000|0.0000|0.0000|0.0000|0.0000|0.0000|0.0000|0.0000|0.0000|0.0000|0.0000|0.0000|0.0000|0.0000|0.0000|0.0000|0.0000|0.0000|0.0000|0.0000|

|0.0000|0.0000|0.0000|0.0000|0.0000|0.0000|0.0000|0.0000|0.0000|0.0000|0.0000|0.0000|0.0000|0.0000|0.0000|0.0000|0.0000|0.0000|0.0000|0.0000|0.0000|0.0000|0.0000|0.0000|0.0000|0.0000|0.0000|0.0000|0.0000|0.0000|0.0000|0.0000|0.0000|0.0000|0.0000|0.0000|0.0000|0.0000|0.0000|0.0000|0.0000|0.0000|0.0000|0.0000|0.0000|0.0000|0.0000|0.0000|0.0000|0.0000|
|0.0000|0.0000|0.0000|0.0000|0.0000|0.0000|0.0000|0.0000|0.0000|0.0000|0.0000|0.0000|0.0000|0.0000|0.0000|0.0000|0.0000|0.0000|0.0000|0.0000|0.0000|0.0000|0.0000|0.0000|0.0000|0.0000|0.0000|0.0000|0.0000|0.0000|0.0000|0.0000|0.0000|0.0000|0.0000|0.0000|0.0000|0.0000|0.0000|0.0000|0.0000|0.0000|0.0000|0.0000|0.0000|0.0000|0.0000|0.0000|0.0000|0.0000|
|0.0000|0.0000|0.0820|0.0000|0.0000|0.0000|0.0000|0.0000|0.0000|0.0000|0.0000|0.0000|0.0000|0.0000|0.0000|0.0000|0.0000|0.0000|0.0000|0.0000|0.0000|0.0000|0.0000|0.0000|0.0000|0.0000|0.0000|0.0000|0.0000|0.0000|0.0000|0.0000|0.0000|0.0000|0.0000|0.0000|0.0000|0.0000|0.0000|0.0000|0.0000|0.0000|0.0000|0.0000|0.0000|0.0000|0.0000|0.0000|0.0000|0.0000|
|0.0000|0.0000|0.0000|0.1211|0.0918|0.0000|0.0000|0.0000|0.0000|0.0000|0.0000|0.0000|0.0000|0.0000|0.0000|0.0000|0.0000|0.0000|0.0000|0.0000|0.0000|0.0000|0.0000|0.0000|0.0000|0.0000|0.0000|0.0000|0.0000|0.0000|0.0000|0.0000|0.0000|0.0000|0.0000|0.0000|0.0000|0.0000|0.0000|0.0000|0.0000|0.0000|0.0000|0.0000|0.0000|0.0000|0.0000|0.0000|0.0000|0.0000|
|0.0000|0.0000|0.0625|0.2188|0.0000|0.0000|0.0000|0.0000|0.0000|0.0000|0.0000|0.0000|0.0000|0.0000|0.0000|0.0000|0.0000|0.0000|0.0000|0.0000|0.0000|0.0000|0.0000|0.0000|0.0000|0.0000|0.0000|0.0000|0.0000|0.0000|0.0000|0.0000|0.0000|0.0000|0.0000|0.0000|0.0000|0.0000|0.0000|0.0000|0.0000|0.0000|0.0000|0.0000|0.0000|0.0000|0.0000|0.0000|0.0000|0.0000|
|0.0000|0.0000|0.0000|0.0000|0.0000|0.0000|0.0000|0.0000|0.0000|0.0000|0.0000|0.0000|0.0000|0.0000|0.0000|0.0000|0.0000|0.0000|0.0000|0.0000|0.0000|0.0000|0.0000|0.0000|0.0000|0.0000|0.0000|0.0000|0.0000|0.0000|0.0000|0.0000|0.0000|0.0000|0.0000|0.0000|0.0000|0.0000|0.0000|0.0000|0.0000|0.0000|0.0000|0.0000|0.0000|0.0000|0.0000|0.0000|0.0000|0.0000|
|0.0000|0.0000|0.0000|0.0000|0.0000|0.0000|0.0000|0.0000|0.0000|0.0000|0.0000|0.0000|0.0000|0.0000|0.0000|0.0000|0.0000|0.0000|0.0000|0.0000|0.0000|0.0000|0.0000|0.0000|0.0000|0.0000|0.0000|0.0000|0.0000|0.0000|0.0000|0.0000|0.0000|0.0000|0.0000|0.0000|0.0000|0.0000|0.0000|0.0000|0.0000|0.0000|0.0000|0.0000|0.0000|0.0000|0.0000|0.0000|0.0000|0.0000|
|0.0000|0.0000|0.0000|0.0000|0.0000|0.0000|0.0000|0.0000|0.0000|0.0000|0.0000|0.0000|0.0000|0.0000|0.0000|0.0000|0.0000|0.0000|0.0000|0.0000|0.0000|0.0000|0.0000|0.0000|0.0000|0.0000|0.0000|0.0000|0.0000|0.0000|0.0000|0.0000|0.0000|0.0000|0.0000|0.0000|0.0000|0.0000|0.0000|0.0000|0.0000|0.0000|0.0000|0.0000|0.0000|0.0000|0.0000|0.0000|0.0000|0.0000|
|0.0000|0.0000|0.0000|0.0000|0.0000|0.0000|0.0000|0.0000|0.0000|0.0000|0.0000|0.0000|0.0000|0.0000|0.0000|0.0000|0.0000|0.0000|0.0000|0.0000|0.0000|0.0000|0.0000|0.0000|0.0000|0.0000|0.0000|0.0000|0.0000|0.0000|0.0000|0.0000|0.0000|0.0000|0.0000|0.0000|0.0000|0.0000|0.0000|0.0000|0.0000|0.0000|0.0000|0.0000|0.0000|0.0000|0.0000|0.0000|0.0000|0.0000|
|0.0000|0.0000|0.0000|0.0000|0.0000|0.0000|0.0000|0.0000|0.0000|0.0000|0.0000|0.0000|0.0000|0.0000|0.0000|0.0000|0.0000|0.0000|0.0000|0.0000|0.0000|0.0000|0.0000|0.0000|0.0000|0.0000|0.0000|0.0000|0.0000|0.0000|0.1016|0.2188|0.0000|0.0000|0.0000|0.0000|0.0000|0.0000|0.0000|0.0000|0.0000|0.0000|0.0000|0.0000|0.0000|0.0000|0.0000|0.0000|0.0000|0.0000|
|0.0000|0.0000|0.0000|0.0000|0.0000|0.0000|0.0000|0.0000|0.0000|0.0000|0.0000|0.0000|0.0000|0.0000|0.0000|0.0000|0.0000|0.0000|0.0000|0.0000|0.0000|0.0000|0.0000|0.0000|0.0000|0.0000|0.0000|0.0000|0.0000|0.0000|0.0723|0.1113|0.0918|0.0000|0.0000|0.0000|0.0000|0.0000|0.0000|0.0000|0.0000|0.0000|0.0000|0.0000|0.0000|0.0000|0.0000|0.0000|0.0000|0.0000|
|0.0000|0.0000|0.0000|0.0000|0.0000|0.0000|0.0000|0.0000|0.0000|0.0000|0.0000|0.0000|0.0000|0.0000|0.0000|0.0000|0.0000|0.0000|0.0000|0.0000|0.0000|0.0000|0.0000|0.0000|0.0000|0.0000|0.0000|0.0000|0.0000|0.1406|0.0000|0.0000|0.2969|0.0000|0.0000|0.0000|0.0000|0.0000|0.0000|0.0000|0.0000|0.0000|0.0000|0.0000|0.0000|0.0000|0.0000|0.0000|0.0000|0.0000|
|0.0000|0.0000|0.0000|0.0000|0.0000|0.0000|0.0000|0.0000|0.0000|0.0000|0.0000|0.0000|0.0000|0.0000|0.0000|0.0000|0.0000|0.0000|0.0000|0.0000|0.0000|0.0000|0.0000|0.0000|0.0000|0.0000|0.0000|0.0000|0.0000|0.0000|0.3750|1.0000|0.0000|0.0000|0.0000|0.0000|0.0000|0.0000|0.0000|0.0000|0.0000|0.0000|0.0000|0.0000|0.0000|0.0000|0.0000|0.0000|0.0000|0.0000|
|0.0000|0.0000|0.0000|0.0000|0.0000|0.0000|0.0000|0.0000|0.0000|0.0000|0.0000|0.0000|0.0000|0.0000|0.0000|0.0000|0.0000|0.0000|0.0000|0.0000|0.0000|0.0000|0.0000|0.0000|0.0000|0.0000|0.0000|0.0000|0.0000|0.0000|0.0000|0.0000|0.0000|0.0000|0.0000|0.0000|0.0000|0.0000|0.0000|0.0000|0.0000|0.0000|0.0000|0.0000|0.0000|0.0000|0.0000|0.0000|0.0000|0.0000|
|0.0000|0.0000|0.0000|0.0000|0.0000|0.0000|0.0000|0.0000|0.0000|0.0000|0.0000|0.0000|0.0000|0.0000|0.0000|0.0000|0.0000|0.0000|0.0000|0.0000|0.0000|0.0000|0.0000|0.0000|0.0000|0.0000|0.0000|0.0000|0.0000|0.0000|0.0000|0.0000|0.0000|0.0000|0.0000|0.0000|0.0000|0.0000|0.0000|0.0000|0.0000|0.0000|0.0000|0.0000|0.0000|0.0000|0.0000|0.0000|0.0000|0.0000|
|0.0000|0.0000|0.0000|0.0000|0.0000|0.0000|0.0000|0.0000|0.0000|0.0000|0.0000|0.0000|0.0000|0.0000|0.0000|0.0000|0.0000|0.0000|0.0000|0.0000|0.0000|0.0000|0.0000|0.0000|0.0000|0.0000|0.0000|0.0000|0.0000|0.0000|0.0000|0.0000|0.0000|0.0000|0.0000|0.0000|0.0000|0.0000|0.0000|0.0000|0.0000|0.0000|0.0000|0.0000|0.0000|0.0000|0.0000|0.0000|0.0000|0.0000|
|0.0000|0.0000|0.0000|0.0000|0.0000|0.0000|0.0000|0.0000|0.0000|0.0000|0.0000|0.0000|0.0000|0.0000|0.0000|0.0000|0.0000|0.0000|0.0000|0.0000|0.0000|0.0000|0.0000|0.0000|0.0000|0.0000|0.0000|0.0000|0.0000|0.0000|0.0000|0.0000|0.0000|0.0000|0.0000|0.0000|0.0000|0.0000|0.0000|0.0000|0.0000|0.0000|0.0000|0.0000|0.0000|0.0000|0.0000|0.0000|0.0000|0.0000|
|0.0000|0.0000|0.0000|0.0000|0.0000|0.0000|0.0000|0.0000|0.0000|0.0000|0.0000|0.0000|0.0000|0.0000|0.0000|0.0000|0.0000|0.0000|0.0000|0.0000|0.0000|0.0000|0.0000|0.0000|0.0000|0.0000|0.0000|0.0000|0.0000|0.0000|0.0000|0.0000|0.0000|0.0000|0.0000|0.0000|0.0000|0.0000|0.0000|0.0000|0.0000|0.0000|0.0000|0.0000|0.0000|0.0000|0.0000|0.0000|0.0000|0.0000|
|0.0000|0.0000|0.0000|0.0000|0.0000|0.0000|0.0000|0.0000|0.0000|0.0000|0.0000|0.0000|0.0000|0.0000|0.0000|0.0000|0.0000|0.0000|0.0000|0.0000|0.0000|0.0000|0.0000|0.0000|0.0000|0.0000|0.0000|0.0000|0.0000|0.0000|0.0000|0.0000|0.0000|0.0000|0.0000|0.0000|0.0000|0.0000|0.0000|0.0000|0.0000|0.0000|0.0000|0.0000|0.0000|0.0000|0.0000|0.0000|0.0000|0.0000|
|0.0000|0.0000|0.0000|0.0000|0.0000|0.0000|0.0000|0.0000|0.0000|0.0000|0.0000|0.0000|0.0000|0.0000|0.0000|0.0000|0.0000|0.0000|0.0000|0.0000|0.0000|0.0000|0.0000|0.0000|0.0000|0.0000|0.0000|0.0000|0.0000|0.0000|0.0000|0.0000|0.0000|0.0000|0.0000|0.0000|0.0000|0.0000|0.0000|0.0000|0.0000|0.0000|0.0000|0.0000|0.0000|0.0000|0.0000|0.0000|0.0000|0.0000|
|0.0000|0.0000|0.0000|0.0000|0.0000|0.0000|0.0000|0.0000|0.0000|0.0000|0.0000|0.0000|0.0000|0.0000|0.0000|0.0000|0.0000|0.0000|0.0000|0.0000|0.0000|0.0000|0.0000|0.0000|0.0000|0.0000|0.0000|0.0000|0.0000|0.0000|0.0000|0.0000|0.0000|0.0000|0.0000|0.0000|0.0000|0.0000|0.0000|0.0000|0.0000|0.0000|0.0000|0.0000|0.0000|0.0000|0.0000|0.0000|0.0000|0.0000|
|0.0000|0.0000|0.0000|0.0000|0.0000|0.0000|0.0000|0.0000|0.0000|0.0000|0.0000|0.0000|0.0000|0.0000|0.0000|0.0000|0.0000|0.0000|0.0000|0.0000|0.0000|0.0000|0.0000|0.0000|0.0000|0.0000|0.0000|0.0000|0.0000|0.0000|0.0000|0.0000|0.0000|0.0000|0.0000|0.0000|0.0000|0.0000|0.0000|0.0000|0.0000|0.0000|0.0000|0.0000|0.0000|0.0000|0.0000|0.0000|0.0000|0.0000|
|0.0000|0.0000|0.0000|0.0000|0.0000|0.0000|0.0000|0.0000|0.0000|0.0000|0.0000|0.0000|0.0000|0.0000|0.0000|0.0000|0.0000|0.0000|0.0000|0.0000|0.0000|0.0000|0.0000|0.0000|0.0000|0.0000|0.0000|0.0000|0.0000|0.0000|0.0000|0.0000|0.0000|0.0000|0.0000|0.0000|0.0000|0.0000|0.0000|0.0000|0.0000|0.0000|0.0000|0.0000|0.0000|0.0000|0.0000|0.0000|0.0000|0.0000|
|0.0000|0.0000|0.0000|0.0000|0.0000|0.0000|0.0000|0.0000|0.0000|0.0000|0.0000|0.0000|0.0000|0.0000|0.0000|0.0000|0.0000|0.0000|0.0000|0.0000|0.0000|0.0000|0.0000|0.0000|0.0000|0.0000|0.0000|0.0000|0.0000|0.0000|0.0000|0.0000|0.0000|0.0000|0.0000|0.0000|0.0000|0.0000|0.0000|0.0000|0.0000|0.0000|0.0000|0.0000|0.0000|0.0000|0.0000|0.0000|0.0000|0.0000|
|0.0000|0.0000|0.0000|0.0000|0.0000|0.0000|0.0000|0.0000|0.0000|0.0000|0.0000|0.0000|0.0000|0.0000|0.0000|0.0000|0.0000|0.0000|0.0000|0.0000|0.0000|0.0000|0.0000|0.0000|0.0000|0.0000|0.0000|0.0000|0.0000|0.0000|0.0000|0.0000|0.0000|0.0000|0.0000|0.0000|0.0000|0.0000|0.0000|0.0000|0.0000|0.0000|0.0000|0.0000|0.0000|0.0000|0.0000|0.0000|0.0000|0.0000|
|0.0000|0.0000|0.0000|0.0000|0.0000|0.0000|0.0000|0.0000|0.0000|0.0000|0.0000|0.0000|0.0000|0.0000|0.0000|0.0000|0.0000|0.0000|0.0000|0.0000|0.0000|0.0000|0.0000|0.0000|0.0000|0.0000|0.0000|0.0000|0.0000|0.0000|0.0000|0.0000|0.0000|0.0000|0.0000|0.0000|0.0000|0.0000|0.0000|0.0000|0.0000|0.0000|0.0000|0.0000|0.0000|0.0000|0.0000|0.0000|0.0000|0.0000|
|0.0000|0.0000|0.0000|0.0000|0.0000|0.0000|0.0000|0.0000|0.0000|0.0000|0.0000|0.0000|0.0000|0.0000|0.0000|0.0000|0.0000|0.0000|0.0000|0.0000|0.0000|0.0000|0.0000|0.0000|0.0000|0.0000|0.0000|0.0000|0.0000|0.0000|0.0000|0.0000|0.0000|0.0000|0.0000|0.0000|0.0000|0.0000|0.0000|0.0000|0.0000|0.0000|0.0000|0.0000|0.0000|0.0000|0.0000|0.0000|0.0000|0.0000|
|0.0000|0.0000|0.0000|0.0000|0.0000|0.0000|0.0000|0.0000|0.0000|0.0000|0.0000|0.0000|0.0000|0.0000|0.0000|0.0000|0.0000|0.0000|0.0000|0.0000|0.0000|0.0000|0.0000|0.0000|0.0000|0.0000|0.0000|0.0000|0.0000|0.0000|0.0000|0.0000|0.0000|0.0000|0.0000|0.0000|0.0000|0.0000|0.0000|0.0000|0.0000|0.0000|0.0000|0.0000|0.0000|0.0000|0.0000|0.0000|0.0000|0.0000|
|0.0000|0.0000|0.0000|0.0000|0.0000|0.0000|0.0000|0.0000|0.0000|0.0000|0.0000|0.0000|0.0000|0.0000|0.0000|0.0000|0.0000|0.0000|0.0000|0.0000|0.0000|0.0000|0.0000|0.0000|0.0000|0.0000|0.0000|0.0000|0.0000|0.0000|0.0000|0.0000|0.0000|0.0000|0.0000|0.0000|0.0000|0.0000|0.0000|0.0000|0.0000|0.0000|0.0000|0.0000|0.0000|0.0000|0.0000|0.0000|0.0000|0.0000|
|0.0000|0.0000|0.0000|0.0000|0.0000|0.0000|0.0000|0.0000|0.0000|0.0000|0.0000|0.0000|0.0000|0.0000|0.0000|0.0000|0.0000|0.0000|0.0000|0.0000|0.0000|0.0000|0.0000|0.0000|0.0000|0.0000|0.0000|0.0000|0.0000|0.0000|0.0000|0.0000|0.0000|0.0000|0.0000|0.0000|0.0000|0.0000|0.0000|0.0000|0.0000|0.0000|0.0000|0.0000|0.0000|0.0000|0.0000|0.0000|0.0000|0.0000|
|0.0000|0.0000|0.0000|0.0000|0.0000|0.0000|0.0000|0.0000|0.0000|0.0000|0.0000|0.0000|0.0000|0.0000|0.0000|0.0000|0.0000|0.0000|0.0000|0.0000|0.0000|0.0000|0.0000|0.0000|0.0000|0.0000|0.0000|0.0000|0.0000|0.0000|0.0000|0.0000|0.0000|0.0000|0.0000|0.0000|0.0000|0.0000|0.0000|0.0000|0.0000|0.0000|0.0000|0.0000|0.0000|0.0000|0.0000|0.0000|0.0000|0.0000|
|0.0000|0.0000|0.0000|0.0000|0.0000|0.0000|0.0000|0.0000|0.0000|0.0000|0.0000|0.0000|0.0000|0.0000|0.0000|0.0000|0.0000|0.0000|0.0000|0.0000|0.0000|0.0000|0.0000|0.0000|0.0000|0.0000|0.0000|0.0000|0.0000|0.0000|0.0000|0.0000|0.0000|0.0000|0.0000|0.0000|0.0000|0.0000|0.0000|0.0000|0.0000|0.0000|0.0000|0.0000|0.0000|0.0000|0.0000|0.0000|0.0000|0.0000|
|0.0000|0.0000|0.0000|0.0000|0.0000|0.0000|0.0000|0.0000|0.0000|0.0000|0.0000|0.0000|0.0000|0.0000|0.0000|0.0000|0.0000|0.0000|0.0000|0.0000|0.0000|0.0000|0.0000|0.0000|0.0000|0.0000|0.0000|0.0000|0.0000|0.0000|0.0000|0.0000|0.0000|0.0000|0.0000|0.0000|0.0000|0.0000|0.0000|0.0000|0.0000|0.0000|0.0000|0.0000|0.0000|0.0000|0.0000|0.0000|0.0000|0.0000|
|0.0000|0.0000|0.0000|0.0000|0.0000|0.0000|0.0000|0.0000|0.0000|0.0000|0.0000|0.0000|0.0000|0.0000|0.0000|0.0000|0.0000|0.0000|0.0000|0.0000|0.0000|0.0000|0.0000|0.0000|0.0000|0.0000|0.0000|0.0000|0.0000|0.0000|0.0000|0.0000|0.0000|0.0000|0.0000|0.0000|0.0000|0.0000|0.0000|0.0000|0.0000|0.0000|0.0000|0.0000|0.0000|0.0000|0.0000|0.0000|0.0000|0.0000|
|0.0000|0.0000|0.0000|0.0000|0.0000|0.0000|0.0000|0.0000|0.0000|0.0000|0.0000|0.0000|0.0000|0.0000|0.0000|0.0000|0.0000|0.0000|0.0000|0.0000|0.0000|0.0000|0.0000|0.0000|0.0000|0.0000|0.0000|0.0000|0.0000|0.0000|0.0000|0.0000|0.0000|0.0000|0.0000|0.0000|0.0000|0.0000|0.0000|0.0000|0.0000|0.0000|0.0000|0.0000|0.0000|0.0000|0.0000|0.0000|0.0000|0.0000|
|0.0000|0.0000|0.0000|0.0000|0.0000|0.0000|0.0000|0.0000|0.0000|0.0000|0.0000|0.0000|0.0000|0.0000|0.0000|0.0000|0.0000|0.0000|0.0000|0.0000|0.0000|0.0000|0.0000|0.0000|0.0000|0.0000|0.0000|0.0000|0.0000|0.0000|0.0000|0.0000|0.0000|0.0000|0.0000|0.0000|0.0000|0.0000|0.0000|0.0000|0.0000|0.0000|0.0000|0.0000|0.0000|0.0000|0.0000|0.0000|0.0000|0.0000|
|0.0000|0.0000|0.0000|0.0000|0.0000|0.0000|0.0000|0.0000|0.0000|0.0000|0.0000|0.0000|0.0000|0.0000|0.0000|0.0000|0.0000|0.0000|0.0000|0.0000|0.0000|0.0000|0.0000|0.0000|0.0000|0.0000|0.0000|0.0000|0.0000|0.0000|0.0000|0.0000|0.0000|0.0000|0.0000|0.0000|0.0000|0.0000|0.0000|0.0000|0.0000|0.0000|0.0000|0.0000|0.0000|0.0000|0.0000|0.0000|0.0000|0.0000|
|0.0000|0.0000|0.0000|0.0000|0.0000|0.0000|0.0000|0.0000|0.0000|0.0000|0.0000|0.0000|0.0000|0.0000|0.0000|0.0000|0.0000|0.0000|0.0000|0.0000|0.0000|0.0000|0.0000|0.0000|0.0000|0.0000|0.0000|0.0000|0.0000|0.0000|0.0000|0.0000|0.0000|0.0000|0.0000|0.0000|0.0000|0.0000|0.0000|0.0000|0.0000|0.0000|0.0000|0.0000|0.0000|0.0000|0.0000|0.0000|0.0000|0.0000|
|0.0000|0.0000|0.0000|0.0000|0.0000|0.0000|0.0000|0.0000|0.0000|0.0000|0.0000|0.0000|0.0000|0.0000|0.0000|0.0000|0.0000|0.0000|0.0000|0.0000|0.0000|0.0000|0.0000|0.0000|0.0000|0.0000|0.0000|0.0000|0.0000|0.0000|0.0000|0.0000|0.0000|0.0000|0.0000|0.0000|0.0000|0.0000|0.0000|0.0000|0.0000|0.0000|0.0000|0.0000|0.0000|0.0000|0.0000|0.0000|0.0000|0.0000|
|0.0000|0.0000|0.0000|0.0000|0.0000|0.0000|0.0000|0.0000|0.0000|0.0000|0.0000|0.0000|0.0000|0.0000|0.0000|0.0000|0.0000|0.0000|0.0000|0.0000|0.0000|0.0000|0.0000|0.0000|0.0000|0.0000|0.0000|0.0000|0.0000|0.0000|0.0000|0.0000|0.0000|0.0000|0.0000|0.0000|0.0000|0.0000|0.0000|0.0000|0.0000|0.0000|0.0000|0.0000|0.0000|0.0000|0.0000|0.0000|0.0000|0.0000|
|0.0000|0.0000|0.0000|0.0000|0.0000|0.0000|0.0000|0.0000|0.0000|0.0000|0.0000|0.0000|0.0000|0.0000|0.0000|0.0000|0.0000|0.0000|0.0000|0.0000|0.0000|0.0000|0.0000|0.0000|0.0000|0.0000|0.0000|0.0000|0.0000|0.0000|0.0000|0.0000|0.0000|0.0000|0.0000|0.0000|0.0000|0.0000|0.0000|0.0000|0.0000|0.0000|0.0000|0.0000|0.0000|0.0000|0.0000|0.0000|0.0000|0.0000|
|0.0000|0.0000|0.0000|0.0000|0.0000|0.0000|0.0000|0.0000|0.0000|0.0000|0.0000|0.0000|0.0000|0.0000|0.0000|0.0000|0.0000|0.0000|0.0000|0.0000|0.0000|0.0000|0.0000|0.0000|0.0000|0.0000|0.0000|0.0000|0.0000|0.0000|0.0000|0.0000|0.0000|0.0000|0.0000|0.0000|0.0000|0.0000|0.0000|0.0000|0.0000|0.0000|0.0000|0.0000|0.0000|0.0000|0.0000|0.0000|0.0000|0.0000|
|0.0000|0.0000|0.0000|0.0000|0.0000|0.0000|0.0000|0.0000|0.0000|0.0000|0.0000|0.0000|0.0000|0.0000|0.0000|0.0000|0.0000|0.0000|0.0000|0.0000|0.0000|0.0000|0.0000|0.0000|0.0000|0.0000|0.0000|0.0000|0.0000|0.0000|0.0000|0.0000|0.0000|0.0000|0.0000|0.0000|0.0000|0.0000|0.0000|0.0000|0.0000|0.0000|0.0000|0.0000|0.0000|0.0000|0.0000|0.0000|0.0000|0.0000|
|0.0000|0.0000|0.0000|0.0000|0.0000|0.0000|0.0000|0.0000|0.0000|0.0000|0.0000|0.0000|0.0000|0.0000|0.0000|0.0000|0.0000|0.0000|0.0000|0.0000|0.0000|0.0000|0.0000|0.0000|0.0000|0.0000|0.0000|0.0000|0.0000|0.0000|0.0000|0.0000|0.0000|0.0000|0.0000|0.0000|0.0000|0.0000|0.0000|0.0000|0.0000|0.0000|0.0000|0.0000|0.0000|0.0000|0.0000|0.0000|0.0000|0.0000|
|0.0000|0.0000|0.0000|0.0000|0.0000|0.0000|0.0000|0.0000|0.0000|0.0000|0.0000|0.0000|0.0000|0.0000|0.0000|0.0000|0.0000|0.0000|0.0000|0.0000|0.0000|0.0000|0.0000|0.0000|0.0000|0.0000|0.0000|0.0000|0.0000|0.0000|0.0000|0.0000|0.0000|0.0000|0.0000|0.0000|0.0000|0.0000|0.0000|0.0000|0.0000|0.0000|0.0000|0.0000|0.0000|0.0000|0.0000|0.0000|0.0000|0.0000|
|0.0000|0.0000|0.0000|0.0000|0.0000|0.0000|0.0000|0.0000|0.0000|0.0000|0.0000|0.0000|0.0000|0.0000|0.0000|0.0000|0.0000|0.0000|0.0000|0.0000|0.0000|0.0000|0.0000|0.0000|0.0000|0.0000|0.0000|0.0000|0.0000|0.0000|0.0000|0.0000|0.0000|0.0000|0.0000|0.0000|0.0000|0.0000|0.0000|0.0000|0.0000|0.0000|0.0000|0.0000|0.0000|0.0000|0.0000|0.0000|0.0000|0.0000|
|0.0000|0.0000|0.0000|0.0000|0.0000|0.0000|0.0000|0.0000|0.0000|0.0000|0.0000|0.0000|0.0000|0.0000|0.0000|0.0000|0.0000|0.0000|0.0000|0.0000|0.0000|0.0000|0.0000|0.0000|0.0000|0.0000|0.0000|0.0000|0.0000|0.0000|0.0000|0.0000|0.0000|0.0000|0.0000|0.0000|0.0000|0.0000|0.0000|0.0000|0.0000|0.0000|0.0000|0.0000|0.0000|0.0000|0.0000|0.0000|0.0000|0.0000|
|0.0000|0.0000|0.0000|0.0000|0.0000|0.0000|0.0000|0.0000|0.0000|0.0000|0.0000|0.0000|0.0000|0.0000|0.0000|0.0000|0.0000|0.0000|0.0000|0.0000|0.0000|0.0000|0.0000|0.0000|0.0000|0.0000|0.0000|0.0000|0.0000|0.0000|0.0000|0.0000|0.0000|0.0000|0.0000|0.0000|0.0000|0.0000|0.0000|0.0000|0.0000|0.0000|0.0000|0.0000|0.0000|0.0000|0.0000|0.0000|0.0000|0.0000|
|0.0000|0.0000|0.0000|0.0000|0.0000|0.0000|0.0000|0.0000|0.0000|0.0000|0.0000|0.0000|0.0000|0.0000|0.0000|0.0000|0.0000|0.0000|0.0000|0.0000|0.0000|0.0000|0.0000|0.0000|0.0000|0.0000|0.0000|0.0000|0.0000|0.0000|0.0000|0.0000|0.0000|0.0000|0.0000|0.0000|0.0000|0.0000|0.0000|0.0000|0.0000|0.0000|0.0000|0.0000|0.0000|0.0000|0.0000|0.0000|0.0000|0.0000|
|0.0000|0.0000|0.0000|0.0000|0.0000|0.0000|0.0000|0.0000|0.0000|0.0000|0.0000|0.0000|0.0000|0.0000|0.0000|0.0000|0.0000|0.0000|0.0000|0.0000|0.0000|0.0000|0.0000|0.0000|0.0000|0.0000|0.0000|0.0000|0.0000|0.0000|0.0000|0.0000|0.0000|0.0000|0.0000|0.0000|0.0000|0.0000|0.0000|0.0000|0.0000|0.0000|0.0000|0.0000|0.0000|0.0000|0.0000|0.0000|0.0000|0.0000|

|0.0000|0.0000|0.0000|0.0000|0.0000|0.0000|0.0000|0.0000|0.0000|0.0000|0.0000|0.0000|0.0000|0.0000|0.0000|0.0000|0.0000|0.0000|0.0000|0.0000|0.0000|0.0000|0.0000|0.0000|0.0000|0.0000|0.0000|0.0000|0.0000|0.0000|0.0000|0.0000|0.0000|0.0000|0.0000|0.0000|0.0000|0.0000|0.0000|0.0000|0.0000|0.0000|0.0000|0.0000|0.0000|0.0000|0.0000|0.0000|0.0000|0.0000|
|0.0000|0.0000|0.0000|0.0000|0.0000|0.0000|0.0000|0.0000|0.0000|0.0000|0.0000|0.0000|0.0000|0.0000|0.0000|0.0000|0.0000|0.0000|0.0000|0.0000|0.0000|0.0000|0.0000|0.0000|0.0000|0.0000|0.0000|0.0000|0.0000|0.0000|0.0000|0.0000|0.0000|0.0000|0.0000|0.0000|0.0000|0.0000|0.0000|0.0000|0.0000|0.0000|0.0000|0.0000|0.0000|0.0000|0.0000|0.0000|0.0000|0.0000|
|0.0000|0.0000|0.0000|0.0369|0.0000|0.0000|0.0000|0.0000|0.0000|0.0000|0.0000|0.0000|0.0000|0.0000|0.0000|0.0000|0.0000|0.0000|0.0000|0.0000|0.0000|0.0000|0.0000|0.0000|0.0000|0.0000|0.0000|0.0000|0.0000|0.0000|0.0000|0.0000|0.0000|0.0000|0.0000|0.0000|0.0000|0.0000|0.0000|0.0000|0.0000|0.0000|0.0000|0.0000|0.0000|0.0000|0.0000|0.0000|0.0000|0.0000|
|0.0000|0.0000|0.0000|0.0000|0.0918|0.0000|0.0000|0.0000|0.0000|0.0000|0.0000|0.0000|0.0000|0.0000|0.0000|0.0000|0.0000|0.0000|0.0000|0.0000|0.0000|0.0000|0.0000|0.0000|0.0000|0.0000|0.0000|0.0000|0.0000|0.0000|0.0000|0.0000|0.0000|0.0000|0.0000|0.0000|0.0000|0.0000|0.0000|0.0000|0.0000|0.0000|0.0000|0.0000|0.0000|0.0000|0.0000|0.0000|0.0000|0.0000|
|0.0000|0.0000|0.0625|0.0344|0.0540|0.0000|0.0000|0.0000|0.0000|0.0000|0.0000|0.0000|0.0000|0.0000|0.0000|0.0000|0.0000|0.0000|0.0000|0.0000|0.0000|0.0000|0.0000|0.0000|0.0000|0.0000|0.0000|0.0000|0.0000|0.0000|0.0000|0.0000|0.0000|0.0000|0.0000|0.0000|0.0000|0.0000|0.0000|0.0000|0.0000|0.0000|0.0000|0.0000|0.0000|0.0000|0.0000|0.0000|0.0000|0.0000|
|0.0000|0.0000|0.0000|0.0000|0.0000|0.0000|0.0000|0.0000|0.0000|0.0000|0.0000|0.0000|0.0000|0.0000|0.0000|0.0000|0.0000|0.0000|0.0000|0.0000|0.0000|0.0000|0.0000|0.0000|0.0000|0.0000|0.0000|0.0000|0.0000|0.0000|0.0000|0.0000|0.0000|0.0000|0.0000|0.0000|0.0000|0.0000|0.0000|0.0000|0.0000|0.0000|0.0000|0.0000|0.0000|0.0000|0.0000|0.0000|0.0000|0.0000|
|0.0000|0.0000|0.0000|0.0000|0.0000|0.0000|0.0000|0.0000|0.0000|0.0000|0.0000|0.0000|0.0000|0.0000|0.0000|0.0000|0.0000|0.0000|0.0000|0.0000|0.0000|0.0000|0.0000|0.0000|0.0000|0.0000|0.0000|0.0000|0.0000|0.0000|0.0000|0.0000|0.0000|0.0000|0.0000|0.0000|0.0000|0.0000|0.0000|0.0000|0.0000|0.0000|0.0000|0.0000|0.0000|0.0000|0.0000|0.0000|0.0000|0.0000|
|0.0000|0.0000|0.0000|0.0000|0.0000|0.0000|0.0000|0.0000|0.0000|0.0000|0.0000|0.0000|0.0000|0.0000|0.0000|0.0000|0.0000|0.0000|0.0000|0.0000|0.0000|0.0000|0.0000|0.0000|0.0000|0.0000|0.0000|0.0000|0.0000|0.0000|0.0000|0.0000|0.0000|0.0000|0.0000|0.0000|0.0000|0.0000|0.0000|0.0000|0.0000|0.0000|0.0000|0.0000|0.0000|0.0000|0.0000|0.0000|0.0000|0.0000|
|0.0000|0.0000|0.0000|0.0000|0.0000|0.0000|0.0000|0.0000|0.0000|0.0000|0.0000|0.0000|0.0000|0.0000|0.0000|0.0000|0.0000|0.0000|0.0000|0.0000|0.0000|0.0000|0.0000|0.0000|0.0000|0.0000|0.0000|0.0000|0.0000|0.0000|0.0000|0.0000|0.0000|0.0000|0.0000|0.0000|0.0000|0.0000|0.0000|0.0000|0.0000|0.0000|0.0000|0.0000|0.0000|0.0000|0.0000|0.0000|0.0000|0.0000|
|0.0000|0.0000|0.0000|0.0000|0.0000|0.0000|0.0000|0.0000|0.0000|0.0000|0.0000|0.0000|0.0000|0.0000|0.0000|0.0000|0.0000|0.0000|0.0000|0.0000|0.0000|0.0000|0.0000|0.0000|0.0000|0.0000|0.0000|0.0000|0.0000|0.0000|0.0503|0.0000|0.0527|0.0000|0.0000|0.0000|0.0000|0.0000|0.0000|0.0000|0.0000|0.0000|0.0000|0.0000|0.0000|0.0000|0.0000|0.0000|0.0000|0.0000|
|0.0000|0.0000|0.0000|0.0000|0.0000|0.0000|0.0000|0.0000|0.0000|0.0000|0.0000|0.0000|0.0000|0.0000|0.0000|0.0000|0.0000|0.0000|0.0000|0.0000|0.0000|0.0000|0.0000|0.0000|0.0000|0.0000|0.0000|0.0000|0.0000|0.0393|0.0000|0.0000|0.0784|0.0000|0.0000|0.0000|0.0000|0.0000|0.0000|0.0000|0.0000|0.0000|0.0000|0.0000|0.0000|0.0000|0.0000|0.0000|0.0000|0.0000|
|0.0000|0.0000|0.0000|0.0000|0.0000|0.0000|0.0000|0.0000|0.0000|0.0000|0.0000|0.0000|0.0000|0.0000|0.0000|0.0000|0.0000|0.0000|0.0000|0.0000|0.0000|0.0000|0.0000|0.0000|0.0000|0.0000|0.0000|0.0000|0.0000|0.1406|0.0000|0.0000|0.1504|0.0000|0.0000|0.0000|0.0000|0.0000|0.0000|0.0000|0.0000|0.0000|0.0000|0.0000|0.0000|0.0000|0.0000|0.0000|0.0000|0.0000|
|0.0000|0.0000|0.0000|0.0000|0.0000|0.0000|0.0000|0.0000|0.0000|0.0000|0.0000|0.0000|0.0000|0.0000|0.0000|0.0000|0.0000|0.0000|0.0000|0.0000|0.0000|0.0000|0.0000|0.0000|0.0000|0.0000|0.0000|0.0000|0.0000|0.0000|0.3750|1.0000|0.0000|0.0000|0.0000|0.0000|0.0000|0.0000|0.0000|0.0000|0.0000|0.0000|0.0000|0.0000|0.0000|0.0000|0.0000|0.0000|0.0000|0.0000|
|0.0000|0.0000|0.0000|0.0000|0.0000|0.0000|0.0000|0.0000|0.0000|0.0000|0.0000|0.0000|0.0000|0.0000|0.0000|0.0000|0.0000|0.0000|0.0000|0.0000|0.0000|0.0000|0.0000|0.0000|0.0000|0.0000|0.0000|0.0000|0.0000|0.0000|0.0000|0.0000|0.0000|0.0000|0.0000|0.0000|0.0000|0.0000|0.0000|0.0000|0.0000|0.0000|0.0000|0.0000|0.0000|0.0000|0.0000|0.0000|0.0000|0.0000|
|0.0000|0.0000|0.0000|0.0000|0.0000|0.0000|0.0000|0.0000|0.0000|0.0000|0.0000|0.0000|0.0000|0.0000|0.0000|0.0000|0.0000|0.0000|0.0000|0.0000|0.0000|0.0000|0.0000|0.0000|0.0000|0.0000|0.0000|0.0000|0.0000|0.0000|0.0000|0.0000|0.0000|0.0000|0.0000|0.0000|0.0000|0.0000|0.0000|0.0000|0.0000|0.0000|0.0000|0.0000|0.0000|0.0000|0.0000|0.0000|0.0000|0.0000|
|0.0000|0.0000|0.0000|0.0000|0.0000|0.0000|0.0000|0.0000|0.0000|0.0000|0.0000|0.0000|0.0000|0.0000|0.0000|0.0000|0.0000|0.0000|0.0000|0.0000|0.0000|0.0000|0.0000|0.0000|0.0000|0.0000|0.0000|0.0000|0.0000|0.0000|0.0000|0.0000|0.0000|0.0000|0.0000|0.0000|0.0000|0.0000|0.0000|0.0000|0.0000|0.0000|0.0000|0.0000|0.0000|0.0000|0.0000|0.0000|0.0000|0.0000|
|0.0000|0.0000|0.0000|0.0000|0.0000|0.0000|0.0000|0.0000|0.0000|0.0000|0.0000|0.0000|0.0000|0.0000|0.0000|0.0000|0.0000|0.0000|0.0000|0.0000|0.0000|0.0000|0.0000|0.0000|0.0000|0.0000|0.0000|0.0000|0.0000|0.0000|0.0000|0.0000|0.0000|0.0000|0.0000|0.0000|0.0000|0.0000|0.0000|0.0000|0.0000|0.0000|0.0000|0.0000|0.0000|0.0000|0.0000|0.0000|0.0000|0.0000|
|0.0000|0.0000|0.0000|0.0000|0.0000|0.0000|0.0000|0.0000|0.0000|0.0000|0.0000|0.0000|0.0000|0.0000|0.0000|0.0000|0.0000|0.0000|0.0000|0.0000|0.0000|0.0000|0.0000|0.0000|0.0000|0.0000|0.0000|0.0000|0.0000|0.0000|0.0000|0.0000|0.0000|0.0000|0.0000|0.0000|0.0000|0.0000|0.0000|0.0000|0.0000|0.0000|0.0000|0.0000|0.0000|0.0000|0.0000|0.0000|0.0000|0.0000|
|0.0000|0.0000|0.0000|0.0000|0.0000|0.0000|0.0000|0.0000|0.0000|0.0000|0.0000|0.0000|0.0000|0.0000|0.0000|0.0000|0.0000|0.0000|0.0000|0.0000|0.0000|0.0000|0.0000|0.0000|0.0000|0.0000|0.0000|0.0000|0.0000|0.0000|0.0000|0.0000|0.0000|0.0000|0.0000|0.0000|0.0000|0.0000|0.0000|0.0000|0.0000|0.0000|0.0000|0.0000|0.0000|0.0000|0.0000|0.0000|0.0000|0.0000|
|0.0000|0.0000|0.0000|0.0000|0.0000|0.0000|0.0000|0.0000|0.0000|0.0000|0.0000|0.0000|0.0000|0.0000|0.0000|0.0000|0.0000|0.0000|0.0000|0.0000|0.0000|0.0000|0.0000|0.0000|0.0000|0.0000|0.0000|0.0000|0.0000|0.0000|0.0000|0.0000|0.0000|0.0000|0.0000|0.0000|0.0000|0.0000|0.0000|0.0000|0.0000|0.0000|0.0000|0.0000|0.0000|0.0000|0.0000|0.0000|0.0000|0.0000|
|0.0000|0.0000|0.0000|0.0000|0.0000|0.0000|0.0000|0.0000|0.0000|0.0000|0.0000|0.0000|0.0000|0.0000|0.0000|0.0000|0.0000|0.0000|0.0000|0.0000|0.0000|0.0000|0.0000|0.0000|0.0000|0.0000|0.0000|0.0000|0.0000|0.0000|0.0000|0.0000|0.0000|0.0000|0.0000|0.0000|0.0000|0.0000|0.0000|0.0000|0.0000|0.0000|0.0000|0.0000|0.0000|0.0000|0.0000|0.0000|0.0000|0.0000|
|0.0000|0.0000|0.0000|0.0000|0.0000|0.0000|0.0000|0.0000|0.0000|0.0000|0.0000|0.0000|0.0000|0.0000|0.0000|0.0000|0.0000|0.0000|0.0000|0.0000|0.0000|0.0000|0.0000|0.0000|0.0000|0.0000|0.0000|0.0000|0.0000|0.0000|0.0000|0.0000|0.0000|0.0000|0.0000|0.0000|0.0000|0.0000|0.0000|0.0000|0.0000|0.0000|0.0000|0.0000|0.0000|0.0000|0.0000|0.0000|0.0000|0.0000|
|0.0000|0.0000|0.0000|0.0000|0.0000|0.0000|0.0000|0.0000|0.0000|0.0000|0.0000|0.0000|0.0000|0.0000|0.0000|0.0000|0.0000|0.0000|0.0000|0.0000|0.0000|0.0000|0.0000|0.0000|0.0000|0.0000|0.0000|0.0000|0.0000|0.0000|0.0000|0.0000|0.0000|0.0000|0.0000|0.0000|0.0000|0.0000|0.0000|0.0000|0.0000|0.0000|0.0000|0.0000|0.0000|0.0000|0.0000|0.0000|0.0000|0.0000|
|0.0000|0.0000|0.0000|0.0000|0.0000|0.0000|0.0000|0.0000|0.0000|0.0000|0.0000|0.0000|0.0000|0.0000|0.0000|0.0000|0.0000|0.0000|0.0000|0.0000|0.0000|0.0000|0.0000|0.0000|0.0000|0.0000|0.0000|0.0000|0.0000|0.0000|0.0000|0.0000|0.0000|0.0000|0.0000|0.0000|0.0000|0.0000|0.0000|0.0000|0.0000|0.0000|0.0000|0.0000|0.0000|0.0000|0.0000|0.0000|0.0000|0.0000|
|0.0000|0.0000|0.0000|0.0000|0.0000|0.0000|0.0000|0.0000|0.0000|0.0000|0.0000|0.0000|0.0000|0.0000|0.0000|0.0000|0.0000|0.0000|0.0000|0.0000|0.0000|0.0000|0.0000|0.0000|0.0000|0.0000|0.0000|0.0000|0.0000|0.0000|0.0000|0.0000|0.0000|0.0000|0.0000|0.0000|0.0000|0.0000|0.0000|0.0000|0.0000|0.0000|0.0000|0.0000|0.0000|0.0000|0.0000|0.0000|0.0000|0.0000|
|0.0000|0.0000|0.0000|0.0000|0.0000|0.0000|0.0000|0.0000|0.0000|0.0000|0.0000|0.0000|0.0000|0.0000|0.0000|0.0000|0.0000|0.0000|0.0000|0.0000|0.0000|0.0000|0.0000|0.0000|0.0000|0.0000|0.0000|0.0000|0.0000|0.0000|0.0000|0.0000|0.0000|0.0000|0.0000|0.0000|0.0000|0.0000|0.0000|0.0000|0.0000|0.0000|0.0000|0.0000|0.0000|0.0000|0.0000|0.0000|0.0000|0.0000|
|0.0000|0.0000|0.0000|0.0000|0.0000|0.0000|0.0000|0.0000|0.0000|0.0000|0.0000|0.0000|0.0000|0.0000|0.0000|0.0000|0.0000|0.0000|0.0000|0.0000|0.0000|0.0000|0.0000|0.0000|0.0000|0.0000|0.0000|0.0000|0.0000|0.0000|0.0000|0.0000|0.0000|0.0000|0.0000|0.0000|0.0000|0.0000|0.0000|0.0000|0.0000|0.0000|0.0000|0.0000|0.0000|0.0000|0.0000|0.0000|0.0000|0.0000|
|0.0000|0.0000|0.0000|0.0000|0.0000|0.0000|0.0000|0.0000|0.0000|0.0000|0.0000|0.0000|0.0000|0.0000|0.0000|0.0000|0.0000|0.0000|0.0000|0.0000|0.0000|0.0000|0.0000|0.0000|0.0000|0.0000|0.0000|0.0000|0.0000|0.0000|0.0000|0.0000|0.0000|0.0000|0.0000|0.0000|0.0000|0.0000|0.0000|0.0000|0.0000|0.0000|0.0000|0.0000|0.0000|0.0000|0.0000|0.0000|0.0000|0.0000|
|0.0000|0.0000|0.0000|0.0000|0.0000|0.0000|0.0000|0.0000|0.0000|0.0000|0.0000|0.0000|0.0000|0.0000|0.0000|0.0000|0.0000|0.0000|0.0000|0.0000|0.0000|0.0000|0.0000|0.0000|0.0000|0.0000|0.0000|0.0000|0.0000|0.0000|0.0000|0.0000|0.0000|0.0000|0.0000|0.0000|0.0000|0.0000|0.0000|0.0000|0.0000|0.0000|0.0000|0.0000|0.0000|0.0000|0.0000|0.0000|0.0000|0.0000|
|0.0000|0.0000|0.0000|0.0000|0.0000|0.0000|0.0000|0.0000|0.0000|0.0000|0.0000|0.0000|0.0000|0.0000|0.0000|0.0000|0.0000|0.0000|0.0000|0.0000|0.0000|0.0000|0.0000|0.0000|0.0000|0.0000|0.0000|0.0000|0.0000|0.0000|0.0000|0.0000|0.0000|0.0000|0.0000|0.0000|0.0000|0.0000|0.0000|0.0000|0.0000|0.0000|0.0000|0.0000|0.0000|0.0000|0.0000|0.0000|0.0000|0.0000|
|0.0000|0.0000|0.0000|0.0000|0.0000|0.0000|0.0000|0.0000|0.0000|0.0000|0.0000|0.0000|0.0000|0.0000|0.0000|0.0000|0.0000|0.0000|0.0000|0.0000|0.0000|0.0000|0.0000|0.0000|0.0000|0.0000|0.0000|0.0000|0.0000|0.0000|0.0000|0.0000|0.0000|0.0000|0.0000|0.0000|0.0000|0.0000|0.0000|0.0000|0.0000|0.0000|0.0000|0.0000|0.0000|0.0000|0.0000|0.0000|0.0000|0.0000|
|0.0000|0.0000|0.0000|0.0000|0.0000|0.0000|0.0000|0.0000|0.0000|0.0000|0.0000|0.0000|0.0000|0.0000|0.0000|0.0000|0.0000|0.0000|0.0000|0.0000|0.0000|0.0000|0.0000|0.0000|0.0000|0.0000|0.0000|0.0000|0.0000|0.0000|0.0000|0.0000|0.0000|0.0000|0.0000|0.0000|0.0000|0.0000|0.0000|0.0000|0.0000|0.0000|0.0000|0.0000|0.0000|0.0000|0.0000|0.0000|0.0000|0.0000|
|0.0000|0.0000|0.0000|0.0000|0.0000|0.0000|0.0000|0.0000|0.0000|0.0000|0.0000|0.0000|0.0000|0.0000|0.0000|0.0000|0.0000|0.0000|0.0000|0.0000|0.0000|0.0000|0.0000|0.0000|0.0000|0.0000|0.0000|0.0000|0.0000|0.0000|0.0000|0.0000|0.0000|0.0000|0.0000|0.0000|0.0000|0.0000|0.0000|0.0000|0.0000|0.0000|0.0000|0.0000|0.0000|0.0000|0.0000|0.0000|0.0000|0.0000|
|0.0000|0.0000|0.0000|0.0000|0.0000|0.0000|0.0000|0.0000|0.0000|0.0000|0.0000|0.0000|0.0000|0.0000|0.0000|0.0000|0.0000|0.0000|0.0000|0.0000|0.0000|0.0000|0.0000|0.0000|0.0000|0.0000|0.0000|0.0000|0.0000|0.0000|0.0000|0.0000|0.0000|0.0000|0.0000|0.0000|0.0000|0.0000|0.0000|0.0000|0.0000|0.0000|0.0000|0.0000|0.0000|0.0000|0.0000|0.0000|0.0000|0.0000|
|0.0000|0.0000|0.0000|0.0000|0.0000|0.0000|0.0000|0.0000|0.0000|0.0000|0.0000|0.0000|0.0000|0.0000|0.0000|0.0000|0.0000|0.0000|0.0000|0.0000|0.0000|0.0000|0.0000|0.0000|0.0000|0.0000|0.0000|0.0000|0.0000|0.0000|0.0000|0.0000|0.0000|0.0000|0.0000|0.0000|0.0000|0.0000|0.0000|0.0000|0.0000|0.0000|0.0000|0.0000|0.0000|0.0000|0.0000|0.0000|0.0000|0.0000|
|0.0000|0.0000|0.0000|0.0000|0.0000|0.0000|0.0000|0.0000|0.0000|0.0000|0.0000|0.0000|0.0000|0.0000|0.0000|0.0000|0.0000|0.0000|0.0000|0.0000|0.0000|0.0000|0.0000|0.0000|0.0000|0.0000|0.0000|0.0000|0.0000|0.0000|0.0000|0.0000|0.0000|0.0000|0.0000|0.0000|0.0000|0.0000|0.0000|0.0000|0.0000|0.0000|0.0000|0.0000|0.0000|0.0000|0.0000|0.0000|0.0000|0.0000|
|0.0000|0.0000|0.0000|0.0000|0.0000|0.0000|0.0000|0.0000|0.0000|0.0000|0.0000|0.0000|0.0000|0.0000|0.0000|0.0000|0.0000|0.0000|0.0000|0.0000|0.0000|0.0000|0.0000|0.0000|0.0000|0.0000|0.0000|0.0000|0.0000|0.0000|0.0000|0.0000|0.0000|0.0000|0.0000|0.0000|0.0000|0.0000|0.0000|0.0000|0.0000|0.0000|0.0000|0.0000|0.0000|0.0000|0.0000|0.0000|0.0000|0.0000|
|0.0000|0.0000|0.0000|0.0000|0.0000|0.0000|0.0000|0.0000|0.0000|0.0000|0.0000|0.0000|0.0000|0.0000|0.0000|0.0000|0.0000|0.0000|0.0000|0.0000|0.0000|0.0000|0.0000|0.0000|0.0000|0.0000|0.0000|0.0000|0.0000|0.0000|0.0000|0.0000|0.0000|0.0000|0.0000|0.0000|0.0000|0.0000|0.0000|0.0000|0.0000|0.0000|0.0000|0.0000|0.0000|0.0000|0.0000|0.0000|0.0000|0.0000|
|0.0000|0.0000|0.0000|0.0000|0.0000|0.0000|0.0000|0.0000|0.0000|0.0000|0.0000|0.0000|0.0000|0.0000|0.0000|0.0000|0.0000|0.0000|0.0000|0.0000|0.0000|0.0000|0.0000|0.0000|0.0000|0.0000|0.0000|0.0000|0.0000|0.0000|0.0000|0.0000|0.0000|0.0000|0.0000|0.0000|0.0000|0.0000|0.0000|0.0000|0.0000|0.0000|0.0000|0.0000|0.0000|0.0000|0.0000|0.0000|0.0000|0.0000|
|0.0000|0.0000|0.0000|0.0000|0.0000|0.0000|0.0000|0.0000|0.0000|0.0000|0.0000|0.0000|0.0000|0.0000|0.0000|0.0000|0.0000|0.0000|0.0000|0.0000|0.0000|0.0000|0.0000|0.0000|0.0000|0.0000|0.0000|0.0000|0.0000|0.0000|0.0000|0.0000|0.0000|0.0000|0.0000|0.0000|0.0000|0.0000|0.0000|0.0000|0.0000|0.0000|0.0000|0.0000|0.0000|0.0000|0.0000|0.0000|0.0000|0.0000|
|0.0000|0.0000|0.0000|0.0000|0.0000|0.0000|0.0000|0.0000|0.0000|0.0000|0.0000|0.0000|0.0000|0.0000|0.0000|0.0000|0.0000|0.0000|0.0000|0.0000|0.0000|0.0000|0.0000|0.0000|0.0000|0.0000|0.0000|0.0000|0.0000|0.0000|0.0000|0.0000|0.0000|0.0000|0.0000|0.0000|0.0000|0.0000|0.0000|0.0000|0.0000|0.0000|0.0000|0.0000|0.0000|0.0000|0.0000|0.0000|0.0000|0.0000|
|0.0000|0.0000|0.0000|0.0000|0.0000|0.0000|0.0000|0.0000|0.0000|0.0000|0.0000|0.0000|0.0000|0.0000|0.0000|0.0000|0.0000|0.0000|0.0000|0.0000|0.0000|0.0000|0.0000|0.0000|0.0000|0.0000|0.0000|0.0000|0.0000|0.0000|0.0000|0.0000|0.0000|0.0000|0.0000|0.0000|0.0000|0.0000|0.0000|0.0000|0.0000|0.0000|0.0000|0.0000|0.0000|0.0000|0.0000|0.0000|0.0000|0.0000|
|0.0000|0.0000|0.0000|0.0000|0.0000|0.0000|0.0000|0.0000|0.0000|0.0000|0.0000|0.0000|0.0000|0.0000|0.0000|0.0000|0.0000|0.0000|0.0000|0.0000|0.0000|0.0000|0.0000|0.0000|0.0000|0.0000|0.0000|0.0000|0.0000|0.0000|0.0000|0.0000|0.0000|0.0000|0.0000|0.0000|0.0000|0.0000|0.0000|0.0000|0.0000|0.0000|0.0000|0.0000|0.0000|0.0000|0.0000|0.0000|0.0000|0.0000|
|0.0000|0.0000|0.0000|0.0000|0.0000|0.0000|0.0000|0.0000|0.0000|0.0000|0.0000|0.0000|0.0000|0.0000|0.0000|0.0000|0.0000|0.0000|0.0000|0.0000|0.0000|0.0000|0.0000|0.0000|0.0000|0.0000|0.0000|0.0000|0.0000|0.0000|0.0000|0.0000|0.0000|0.0000|0.0000|0.0000|0.0000|0.0000|0.0000|0.0000|0.0000|0.0000|0.0000|0.0000|0.0000|0.0000|0.0000|0.0000|0.0000|0.0000|
|0.0000|0.0000|0.0000|0.0000|0.0000|0.0000|0.0000|0.0000|0.0000|0.0000|0.0000|0.0000|0.0000|0.0000|0.0000|0.0000|0.0000|0.0000|0.0000|0.0000|0.0000|0.0000|0.0000|0.0000|0.0000|0.0000|0.0000|0.0000|0.0000|0.0000|0.0000|0.0000|0.0000|0.0000|0.0000|0.0000|0.0000|0.0000|0.0000|0.0000|0.0000|0.0000|0.0000|0.0000|0.0000|0.0000|0.0000|0.0000|0.0000|0.0000|
|0.0000|0.0000|0.0000|0.0000|0.0000|0.0000|0.0000|0.0000|0.0000|0.0000|0.0000|0.0000|0.0000|0.0000|0.0000|0.0000|0.0000|0.0000|0.0000|0.0000|0.0000|0.0000|0.0000|0.0000|0.0000|0.0000|0.0000|0.0000|0.0000|0.0000|0.0000|0.0000|0.0000|0.0000|0.0000|0.0000|0.0000|0.0000|0.0000|0.0000|0.0000|0.0000|0.0000|0.0000|0.0000|0.0000|0.0000|0.0000|0.0000|0.0000|
|0.0000|0.0000|0.0000|0.0000|0.0000|0.0000|0.0000|0.0000|0.0000|0.0000|0.0000|0.0000|0.0000|0.0000|0.0000|0.0000|0.0000|0.0000|0.0000|0.0000|0.0000|0.0000|0.0000|0.0000|0.0000|0.0000|0.0000|0.0000|0.0000|0.0000|0.0000|0.0000|0.0000|0.0000|0.0000|0.0000|0.0000|0.0000|0.0000|0.0000|0.0000|0.0000|0.0000|0.0000|0.0000|0.0000|0.0000|0.0000|0.0000|0.0000|
|0.0000|0.0000|0.0000|0.0000|0.0000|0.0000|0.0000|0.0000|0.0000|0.0000|0.0000|0.0000|0.0000|0.0000|0.0000|0.0000|0.0000|0.0000|0.0000|0.0000|0.0000|0.0000|0.0000|0.0000|0.0000|0.0000|0.0000|0.0000|0.0000|0.0000|0.0000|0.0000|0.0000|0.0000|0.0000|0.0000|0.0000|0.0000|0.0000|0.0000|0.0000|0.0000|0.0000|0.0000|0.0000|0.0000|0.0000|0.0000|0.0000|0.0000|
|0.0000|0.0000|0.0000|0.0000|0.0000|0.0000|0.0000|0.0000|0.0000|0.0000|0.0000|0.0000|0.0000|0.0000|0.0000|0.0000|0.0000|0.0000|0.0000|0.0000|0.0000|0.0000|0.0000|0.0000|0.0000|0.0000|0.0000|0.0000|0.0000|0.0000|0.0000|0.0000|0.0000|0.0000|0.0000|0.0000|0.0000|0.0000|0.0000|0.0000|0.0000|0.0000|0.0000|0.0000|0.0000|0.0000|0.0000|0.0000|0.0000|0.0000|
|0.0000|0.0000|0.0000|0.0000|0.0000|0.0000|0.0000|0.0000|0.0000|0.0000|0.0000|0.0000|0.0000|0.0000|0.0000|0.0000|0.0000|0.0000|0.0000|0.0000|0.0000|0.0000|0.0000|0.0000|0.0000|0.0000|0.0000|0.0000|0.0000|0.0000|0.0000|0.0000|0.0000|0.0000|0.0000|0.0000|0.0000|0.0000|0.0000|0.0000|0.0000|0.0000|0.0000|0.0000|0.0000|0.0000|0.0000|0.0000|0.0000|0.0000|

